1000
41 20 71
4 42 74
95 11 94
98 41 60
28 43 83
96 28 17
39 5 87
56 43 8
13 99 9
93 85 66
21 94 36
21 52 78
25 85 66
11 78 3
99 97 98
85 74 65
51 7 31
73 93 3
2 98 62
59 89 41
30 74 67
95 11 94
13 17 1
13 35 36
83 25 47
82 47 46
92 100 81
65 18 82
11 99 88
55 99 81
0 54 4
97 69 86
14 89 2
0 55 55
20 14 88
74 92 31
25 74 22
0 34 29
73 66 59
74 35 78
4 25 17
10 22 75
5 92 68
96 44 13
71 28 4
51 26 61
50 65 61
30 25 5
93 81 97
100 26 16
84 38 75
85 13 84
19 8 1
41 5 75
84 40 70
94 30 5
31 47 82
27 23 13
7 13 7
8 20 80
65 81 74
37 59 59
90 37 82
7 68 97
89 86 90
63 43 23
100 31 11
7 52 70
10 5 43
47 53 21
42 73 40
5 66 37
17 53 33
36 42 44
98 31 67
51 16 83
33 29 79
77 89 75
35 29 87
20 11 46
99 70 86
82 65 54
1 69 27
100 1 1
58 18 38
49 48 55
19 15 33
1 90 31
52 10 20
94 11 37
84 90 1
61 9 64
28 96 15
28 74 83
77 67 94
100 63 3
44 60 67
80 25 64
35 99 22
93 6 84
61 6 25
53 92 12
80 94 17
96 10 58
23 65 87
39 43 22
5 47 66
37 54 52
34 66 96
87 47 83
8 61 41
90 16 86
21 89 97
87 5 14
63 38 11
15 90 92
68 82 88
6 74 32
16 20 13
21 88 44
17 32 44
38 13 28
77 97 48
57 28 81
8 59 6
19 23 85
27 5 38
43 82 22
29 37 5
20 56 69
5 85 97
77 89 85
60 4 61
50 78 61
88 27 3
44 62 13
20 60 75
75 56 53
8 58 1
62 18 5
30 65 81
59 83 100
10 22 55
89 99 82
91 41 56
0 99 43
100 61 33
55 71 46
5 77 3
85 7 21
46 54 18
40 9 35
12 88 91
49 47 74
38 27 52
79 37 2
4 64 60
93 37 34
67 88 33
41 26 27
4 47 5
15 14 85
40 76 92
60 86 100
34 14 7
98 83 39
55 65 61
54 84 33
28 1 34
100 66 7
25 61 69
30 17 52
49 32 95
73 91 41
53 48 96
2 47 93
66 26 38
57 61 15
91 2 82
57 75 18
43 97 35
76 86 17
45 12 15
84 95 42
54 13 86
39 62 18
55 98 32
29 11 42
0 53 42
64 16 62
46 13 67
19 77 72
56 57 34
28 58 46
64 96 55
54 86 32
50 36 93
42 93 63
82 97 70
83 77 15
42 33 8
97 88 98
76 82 99
14 98 61
8 92 17
54 84 77
78 3 72
21 84 62
88 7 40
82 42 37
0 44 99
55 55 17
37 73 10
49 35 2
45 54 78
34 10 100
16 97 9
100 84 72
86 92 88
2 48 25
2 76 15
84 98 25
23 8 13
45 39 5
84 5 4
95 23 15
23 66 83
48 62 3
18 56 55
4 38 5
70 35 42
90 48 65
67 12 75
9 67 98
58 27 76
73 9 85
39 68 89
8 3 76
36 12 28
1 22 6
53 85 73
91 24 30
60 87 90
63 53 74
89 8 11
30 41 28
5 20 37
71 28 11
66 19 66
39 39 55
66 17 16
25 68 86
3 22 39
1 73 59
44 68 69
97 76 47
80 46 30
10 38 38
43 19 26
2 1 3
50 58 100
50 95 41
51 52 94
46 13 25
49 78 52
67 43 20
46 65 73
7 79 5
7 55 65
69 96 3
62 86 17
23 1 19
63 42 23
32 71 93
21 53 4
29 25 59
75 46 17
7 21 17
84 63 23
36 67 58
87 20 40
10 72 100
0 30 70
31 9 91
16 53 10
45 3 87
27 81 7
87 57 12
2 72 59
67 54 42
75 31 59
86 14 22
58 20 9
43 9 84
30 86 56
49 37 81
3 19 75
47 39 84
95 29 87
3 40 45
30 15 68
96 46 9
51 22 21
74 86 67
94 20 21
95 85 81
90 67 82
76 58 19
95 88 7
71 83 38
93 28 75
89 48 41
76 23 47
23 60 91
5 36 8
95 21 59
14 60 30
73 6 68
3 66 73
81 13 32
50 20 90
67 43 16
7 83 47
41 12 92
1 13 64
46 69 58
99 92 60
34 68 35
27 65 77
33 58 9
7 13 96
18 75 3
2 67 55
45 94 28
99 60 89
13 47 81
7 33 36
70 91 100
13 55 55
6 54 76
64 70 73
57 75 37
0 27 62
82 77 39
90 58 66
2 77 57
37 87 8
34 59 57
23 89 93
11 30 40
93 68 55
70 100 38
84 1 80
14 78 60
4 87 25
52 20 71
99 61 22
84 24 17
21 28 21
49 2 81
98 4 46
20 39 43
38 55 3
34 64 3
51 32 31
24 100 35
100 6 31
10 33 56
38 18 74
28 46 55
16 66 92
98 96 13
2 94 46
66 15 25
80 60 28
76 70 22
44 31 91
99 77 4
12 33 57
86 89 75
70 67 75
100 39 9
45 24 72
99 41 62
19 38 41
80 15 95
25 25 97
47 74 14
100 64 45
22 84 76
17 52 13
13 9 61
84 63 8
44 52 32
67 23 25
74 29 63
40 32 40
34 26 6
32 14 83
76 84 67
1 12 64
93 73 87
34 27 91
65 69 32
33 24 78
17 43 82
44 4 23
4 11 83
68 88 23
61 58 61
31 32 20
52 60 75
4 80 61
80 2 41
87 81 48
64 25 83
60 29 94
98 39 27
37 13 100
87 37 94
10 28 72
86 54 55
100 91 18
60 52 78
78 92 39
15 72 4
37 3 58
15 74 4
47 25 9
90 76 61
76 21 60
100 18 7
89 42 1
11 32 65
99 91 5
61 87 41
25 76 48
52 96 17
51 36 99
38 4 40
11 10 80
94 54 91
19 57 99
87 22 56
98 87 25
94 41 86
34 44 71
23 79 47
25 54 15
17 63 22
10 67 92
47 85 3
78 53 78
22 64 65
45 58 69
62 57 13
38 31 43
2 59 23
0 39 48
76 7 28
93 26 48
61 56 2
94 29 22
85 16 71
1 52 5
21 17 22
75 36 52
30 94 18
99 8 69
2 100 54
98 69 74
60 98 27
61 88 67
81 40 43
69 82 83
67 56 15
80 78 67
82 89 7
37 92 57
100 84 31
76 45 72
99 92 73
31 20 6
71 86 34
55 2 71
67 45 63
38 96 19
53 89 74
36 98 27
4 64 27
12 39 71
86 67 92
35 87 31
72 40 83
82 70 56
46 13 17
22 28 37
54 98 4
81 38 96
16 81 80
9 78 90
81 45 30
14 10 10
100 23 20
26 92 27
12 7 78
5 4 81
73 81 87
97 96 54
49 22 17
2 42 20
32 94 82
95 61 13
24 81 77
83 81 21
30 64 33
66 22 24
23 74 80
34 92 25
32 10 75
1 7 59
58 58 81
75 18 61
72 73 82
23 35 44
23 7 3
97 58 73
20 41 6
56 91 37
21 66 14
18 75 8
80 33 25
53 97 9
23 100 5
81 58 33
19 59 93
1 87 21
67 67 62
97 87 65
37 33 18
31 40 41
30 60 84
34 78 66
10 32 14
7 84 93
48 48 69
17 31 57
84 30 23
91 77 4
73 32 97
81 8 37
97 40 45
13 15 91
42 93 80
85 93 63
9 100 8
77 31 9
68 76 65
36 61 83
29 23 13
15 19 12
28 14 70
60 68 69
53 5 47
64 88 26
77 75 10
27 23 72
67 89 59
89 37 94
41 87 80
99 70 27
91 35 47
85 73 70
1 74 53
79 70 92
47 32 85
71 8 8
76 5 76
94 30 67
69 26 21
29 71 99
33 55 85
82 47 30
95 59 36
82 28 71
25 23 43
22 88 73
3 53 40
23 7 57
61 18 70
60 5 38
61 63 52
25 2 9
56 80 4
57 87 8
33 84 61
35 68 35
47 2 34
68 85 59
21 81 30
75 33 74
11 73 54
81 88 84
38 87 35
54 12 86
14 58 26
42 8 52
59 22 76
72 17 12
20 46 63
51 61 95
82 79 96
12 55 55
20 98 70
46 4 73
19 61 77
84 79 48
25 43 2
4 95 82
66 69 9
60 34 72
1 45 6
91 9 77
78 71 68
97 48 53
98 85 38
42 91 58
50 69 97
71 35 27
14 33 90
55 3 20
61 11 30
40 29 7
74 86 76
28 95 98
87 93 35
6 27 73
67 45 84
93 54 6
77 83 32
57 53 73
52 44 12
61 95 87
25 55 35
18 95 60
39 81 80
66 96 69
79 4 33
62 90 75
83 62 4
47 71 80
79 8 72
23 7 39
81 30 41
14 19 22
77 83 58
93 61 47
100 60 84
27 6 1
27 97 67
41 67 73
33 56 65
3 82 67
38 42 11
84 69 3
64 76 28
6 23 99
58 63 62
38 13 25
7 38 80
26 63 84
5 42 25
70 57 74
97 61 94
38 8 35
18 69 54
67 58 20
36 54 38
12 3 26
33 18 17
17 55 29
0 65 91
44 88 41
43 89 76
39 68 98
41 62 75
90 77 46
32 15 55
95 22 15
73 81 29
0 15 62
24 57 38
10 37 85
51 9 46
71 87 7
91 63 31
42 7 15
16 39 79
41 88 72
7 29 92
74 13 7
48 38 28
52 23 15
63 97 5
55 58 79
73 35 23
21 61 42
50 96 59
81 53 85
92 33 47
84 71 12
84 98 55
82 35 76
43 58 83
7 56 41
36 87 6
58 86 97
43 72 63
90 93 62
15 27 85
79 74 13
20 73 91
27 56 28
6 90 18
83 12 56
6 68 91
90 78 19
4 1 83
12 8 16
6 57 10
51 65 58
42 67 86
34 72 48
100 9 27
64 20 30
82 32 14
55 82 52
29 21 13
52 36 12
74 77 38
95 33 26
38 6 39
37 24 17
75 12 4
83 45 78
58 91 89
80 80 99
95 20 58
16 81 32
75 37 68
22 61 99
89 74 71
48 52 2
15 29 66
41 9 44
31 86 25
93 91 57
67 5 11
87 12 14
6 26 84
0 10 42
72 83 63
8 7 32
47 52 75
10 55 4
83 39 80
89 48 39
19 80 12
29 90 66
44 7 12
54 93 10
84 74 99
76 9 32
24 98 37
17 37 79
22 21 46
31 80 31
58 99 46
100 89 76
36 17 39
89 11 13
25 93 2
100 37 76
38 92 85
71 52 15
80 22 42
90 22 23
43 54 4
69 77 100
85 70 9
77 46 98
76 87 22
49 73 97
16 86 46
69 96 28
66 43 12
54 28 35
70 25 2
64 85 30
54 31 99
46 83 61
54 73 68
42 12 84
3 98 22
67 53 15
22 14 70
44 65 58
11 5 82
85 67 94
24 57 9
84 58 56
55 32 37
22 2 57
35 97 48
56 1 93
56 87 92
97 14 17
63 90 6
36 69 53
28 44 77
18 28 91
90 69 64
72 84 72
15 40 98
25 18 17
92 3 36
73 44 1
57 41 42
48 69 67
33 70 76
16 79 40
31 43 35
12 71 89
66 25 14
83 27 46
38 3 52
87 78 17
13 78 5
73 100 14
76 85 40
15 100 82
4 99 54
16 15 64
36 65 62
41 31 52
65 77 76
35 22 38
69 91 72
75 30 25
57 71 100
28 62 38
26 20 90
33 20 79
47 66 68
23 21 97
17 17 24
4 78 15
20 73 83
57 66 7
29 21 89
56 35 42
23 58 58
100 74 54
83 56 97
37 21 1
41 98 74
27 63 72
9 76 39
52 90 42
77 41 62
21 80 63
35 45 55
29 2 60
57 48 78
48 86 21
75 71 84
1 28 70
75 69 6
59 60 85
57 76 70
30 61 23
84 53 47
51 39 32
2 93 86
41 97 37
9 77 77
79 67 41
99 58 92
16 10 4
10 9 17
99 99 99
87 37 36
78 23 25
68 55 29
99 62 71
82 19 81
31 90 6
31 37 19
12 85 59
31 11 98
24 1 68
19 7 99
11 45 87
20 56 46
59 75 48
90 47 68
86 23 47
46 100 56
61 85 22
84 18 41
91 61 19
19 78 93
32 43 54
91 77 63
81 69 83
100 55 38
55 94 27
15 48 19
0 68 90
29 42 62
98 85 64
12 59 63
6 12 13
72 53 57
75 52 73
81 14 29
84 48 1
6 54 76
22 54 16
100 66 13
8 31 78
56 65 95
37 43 86
58 16 65
79 13 6
27 86 68
36 41 40
87 28 17
30 64 56
25 60 20
19 77 96
15 70 53
72 21 28
75 68 11
17 75 28
97 70 4
63 4 15
29 94 95
90 24 63
66 20 11
8 13 21
67 68 52
44 27 57
34 44 91
32 60 75
42 65 78
17 78 67
48 19 14
19 90 69
2 64 93
50 91 58
52 33 14
40 58 61
84 79 77
43 48 99
19 53 6
64 38 29
46 38 10
68 47 78
23 70 19
19 54 59
44 5 97
87 40 57
24 66 29
59 75 32
24 29 11
12 72 83
78 13 34
6 53 79
21 6 39
22 89 58
77 46 25
48 77 79
32 77 66
40 67 34
25 65 34
65 46 89
53 52 65
88 76 98
81 79 13
2 96 76
59 96 91
91 88 3
84 26 67
47 8 15
57 52 31
55 4 97
71 81 41
45 70 62
61 89 91