28
2 90 69 89 47 59 21 31 3 45 23 79 0 66 26 60 18 78 29 64 75 0 4 40 63 72 79 68
39
30 70 81 93 8 25 11 75 90 91 96 71 69 22 26 65 29 6 77 38 63 4 18 50 27 14 26 55 27 18 38 91 15 44 65 63 43 70 81
121
56 3 45 88 23 58 49 12 80 93 66 88 75 42 54 64 25 49 44 46 41 59 45 55 66 1 24 87 57 19 53 23 97 99 17 47 6 59 2 59 31 73 90 25 74 14 28 96 28 74 44 82 81 78 60 55 86 57 96 49 28 64 37 90 96 91 5 32 94 66 57 37 72 11 62 90 30 99 56 83 76 12 17 50 24 96 4 82 69 75 100 21 98 16 3 31 67 15 41 43 67 2 49 49 7 47 99 76 83 96 15 69 72 54 56 39 68 82 42 97 83
217
54 26 88 40 31 94 82 70 45 59 76 3 87 82 6 27 62 20 48 33 83 64 82 67 7 28 57 98 68 95 97 12 80 6 7 40 59 16 24 70 12 24 56 73 17 41 96 88 27 14 76 58 75 66 56 61 45 45 20 51 65 29 96 15 32 33 22 81 94 44 11 14 80 41 42 57 4 79 18 93 52 48 74 81 71 71 69 2 47 79 66 52 21 47 38 93 41 69 0 1 46 84 96 70 17 0 10 18 84 6 97 61 52 24 7 58 17 45 32 10 22 16 38 65 30 23 51 33 3 37 91 85 3 30 89 55 61 24 19 100 59 40 68 29 1 100 100 14 41 53 92 9 37 71 2 15 14 32 26 36 26 91 56 57 86 54 97 14 59 91 15 71 20 26 50 30 18 70 74 56 24 38 78 61 41 59 82 24 30 34 79 43 50 19 53 10 82 94 27 43 69 38 54 21 58 26 10 39 92 71 66 85 60 61 76 7 17
223
62 56 78 21 64 31 74 5 6 64 88 55 13 26 53 81 80 62 74 2 74 60 34 20 83 98 16 81 64 87 50 5 66 45 23 81 35 46 5 38 77 54 64 18 39 75 13 54 43 57 42 5 67 67 3 67 3 51 56 89 59 64 49 63 28 18 71 93 34 8 24 42 97 65 67 43 13 99 87 30 33 45 44 0 92 67 27 5 15 8 32 63 86 7 98 64 95 52 59 33 27 82 10 95 57 99 28 12 41 21 13 24 47 5 97 1 98 26 37 32 64 38 28 23 2 87 47 76 87 45 90 31 86 9 60 92 36 16 71 22 7 61 80 75 44 35 8 45 10 35 39 8 4 45 5 9 81 57 63 92 17 26 80 50 33 78 97 28 24 35 21 40 58 42 87 41 42 87 39 44 93 5 81 19 19 10 13 27 74 78 100 43 21 13 51 74 21 10 7 95 5 53 24 93 88 23 43 8 29 45 92 41 76 91 63 14 71 70 15 0 21 49 85
176
96 93 63 63 32 55 9 69 30 32 78 43 48 48 24 48 4 41 34 62 98 55 65 14 34 79 13 30 90 99 44 16 24 41 30 61 15 69 37 95 69 11 90 63 52 53 83 2 69 34 94 3 3 4 60 9 58 100 5 3 26 88 3 24 39 17 89 92 52 33 58 26 13 47 11 28 79 58 67 12 51 51 27 49 28 21 94 60 5 2 21 55 37 97 35 43 72 57 32 40 51 95 33 31 58 56 22 99 12 15 4 92 17 2 93 12 13 46 99 81 98 42 79 94 91 91 49 66 15 2 29 5 0 39 96 89 81 49 8 14 46 4 52 30 64 21 81 37 64 84 34 19 49 100 22 35 56 69 72 14 58 53 51 58 97 13 8 33 54 35 0 0 14 87 25 89
141
9 20 20 49 85 14 36 89 16 68 93 12 68 8 24 66 40 98 6 90 76 25 16 37 76 95 59 15 44 78 93 97 15 58 93 29 69 65 95 54 9 70 26 72 58 88 28 48 53 20 50 53 22 14 35 20 95 47 79 54 58 90 39 100 55 26 6 82 27 22 83 82 41 19 24 56 11 84 72 14 74 37 83 2 60 75 40 78 49 16 44 73 72 22 26 30 25 6 29 81 99 52 53 35 73 1 86 64 54 17 91 9 87 40 37 45 27 21 1 43 4 54 94 86 75 33 20 72 24 81 75 91 71 26 61 62 95 57 94 22 11
203
87 44 72 0 51 26 62 29 52 65 7 70 38 78 87 49 44 33 38 16 40 66 51 54 61 99 96 85 20 29 15 81 18 0 79 49 59 80 8 28 25 86 80 6 75 63 98 82 86 12 91 36 3 72 12 54 68 72 7 28 75 77 63 89 40 65 93 11 40 20 31 90 44 12 42 36 47 37 65 29 99 69 32 56 43 60 9 42 90 56 71 48 93 7 57 70 62 4 88 48 9 26 61 75 81 33 75 69 12 39 27 2 71 27 0 5 72 95 74 71 94 12 96 80 26 10 24 70 76 42 24 18 30 30 90 57 45 34 27 10 21 53 27 83 63 43 20 65 23 74 2 71 26 29 84 90 99 70 1 26 78 17 44 45 73 34 62 76 28 6 81 30 56 78 33 46 34 43 22 19 78 96 81 81 98 61 86 0 57 3 34 11 94 56 65 49 89 82 95 22 9 95 98
190
90 94 2 71 91 21 53 87 96 60 53 34 9 14 89 76 78 100 23 31 67 17 91 36 48 4 42 67 40 4 53 89 46 85 27 83 37 74 71 59 10 55 92 0 64 61 56 14 20 68 39 68 99 63 58 33 85 98 24 5 1 71 98 60 54 58 83 70 16 97 79 94 91 62 40 49 27 33 73 90 15 87 19 59 39 24 67 30 97 55 27 28 89 38 28 17 96 66 93 97 53 7 59 93 16 8 15 62 79 70 23 99 29 8 3 75 4 51 23 98 87 4 72 39 90 66 61 89 33 81 13 73 56 69 26 84 85 37 11 98 29 25 7 53 39 85 69 54 79 7 56 26 15 45 74 49 4 21 79 65 73 6 52 70 17 34 37 47 24 50 51 64 50 12 73 88 32 29 100 78 99 50 39 54 30 66 86 59 82 90
15
39 22 32 37 59 50 73 82 44 53 21 12 44 84 33
5
11 64 96 3 2
186
21 63 57 36 85 56 97 87 86 85 5 65 69 83 43 27 31 49 17 1 72 4 59 30 9 80 11 16 78 78 60 21 50 47 14 62 30 42 10 57 99 63 89 49 87 75 48 38 0 69 27 99 77 18 77 38 89 9 65 35 24 25 99 14 65 58 35 97 22 38 7 17 31 61 56 30 20 2 71 41 94 70 17 60 59 90 44 52 9 13 56 20 85 0 96 73 91 73 1 99 6 10 2 41 50 89 48 14 4 66 48 19 1 63 53 84 16 82 81 28 34 70 94 61 88 58 10 19 36 89 87 78 53 43 65 34 64 56 15 1 77 10 20 46 63 73 16 33 23 42 14 20 17 10 58 69 56 45 46 45 44 89 90 99 79 33 97 32 56 55 64 65 18 36 68 77 29 47 65 22 23 83 79 12 22 10
11
98 22 51 37 76 69 37 82 15 67 88
133
30 79 90 11 87 11 63 8 96 9 16 63 63 43 5 27 97 19 97 92 67 15 41 14 86 58 26 55 21 52 21 22 82 15 100 31 39 8 12 18 47 68 98 79 78 58 5 62 31 82 77 41 51 97 81 84 46 16 76 6 94 60 13 44 24 0 18 10 45 60 29 61 98 28 46 77 90 9 64 62 50 66 18 65 36 17 17 54 22 65 25 51 82 47 46 65 17 0 89 81 91 54 38 80 33 13 70 16 24 31 0 81 90 85 87 48 29 48 90 55 76 38 1 28 30 59 44 76 56 86 26 61 26
129
12 19 35 65 99 21 81 34 100 73 69 29 3 97 35 30 66 62 32 41 41 88 66 25 44 35 30 71 13 99 34 67 65 46 9 82 35 67 97 88 4 14 87 11 91 78 28 73 82 45 24 93 32 22 25 39 99 96 59 40 56 82 31 77 97 98 59 44 17 4 5 43 26 21 63 5 20 47 18 37 26 13 70 7 41 91 92 72 33 62 42 27 21 40 60 36 44 83 38 57 36 22 21 79 38 77 95 13 87 86 54 86 92 92 51 29 14 94 90 93 72 51 69 69 69 49 72 85 91
217
94 4 9 92 62 39 32 65 74 51 95 94 41 87 8 73 63 67 20 98 31 63 10 84 80 34 56 17 88 41 75 52 71 1 14 57 57 62 27 65 59 82 0 73 14 13 45 19 74 21 5 49 39 31 55 27 38 88 99 99 62 66 8 6 39 89 91 32 26 61 24 48 56 95 30 50 48 32 91 47 71 55 42 10 36 56 8 28 85 75 54 82 81 62 67 7 36 58 9 11 98 38 71 12 73 39 76 22 70 33 87 83 21 82 47 28 52 76 79 73 42 41 17 79 64 77 78 47 10 52 10 75 57 93 27 69 14 17 35 46 98 29 30 92 78 51 17 76 38 69 74 47 61 58 82 94 52 37 16 77 11 82 68 40 47 58 38 17 2 45 40 53 44 53 73 52 99 36 68 57 44 67 54 63 3 2 40 15 61 100 20 99 89 69 52 82 74 100 32 58 64 22 63 8 73 66 39 84 82 1 44 80 51 55 56 98 87
27
86 55 72 16 72 27 51 50 55 8 55 22 22 27 26 72 4 27 60 74 76 81 49 6 97 54 41
15
47 62 38 82 91 1 51 25 30 51 82 49 79 61 55
237
64 87 15 47 59 20 96 56 29 31 11 1 45 19 47 39 7 18 5 97 9 100 26 34 17 85 99 64 90 53 42 18 71 48 86 42 52 100 69 50 18 90 11 21 71 55 58 96 7 85 94 22 34 79 26 53 29 23 45 82 60 49 47 98 40 69 81 99 7 24 62 60 63 96 13 33 92 77 86 86 25 99 83 39 5 77 31 31 69 83 78 35 64 26 35 40 47 25 20 99 96 84 70 21 70 87 94 93 53 48 83 52 55 82 50 69 70 84 4 87 33 88 80 85 35 58 39 85 43 62 60 63 11 62 76 86 2 77 28 86 57 29 70 12 7 47 3 5 82 73 97 34 12 75 10 95 47 88 75 21 43 35 49 4 93 71 3 49 27 36 55 87 98 40 27 7 64 12 45 77 86 92 2 79 73 95 73 29 100 53 5 78 1 75 19 57 52 46 6 36 45 72 52 51 87 76 45 16 73 65 45 33 87 31 38 69 40 99 56 43 52 48 49 59 33 66 45 32 72 1 49 52 75 71 42 17 26
129
87 74 38 54 57 64 92 10 90 38 9 22 74 21 66 40 22 62 61 39 22 10 47 52 1 1 12 81 64 40 86 20 7 0 31 33 82 27 61 61 66 87 24 72 51 86 80 64 96 47 58 33 15 73 18 37 84 48 63 58 81 54 35 23 84 93 31 28 46 49 67 9 61 29 14 72 90 99 72 72 75 74 87 20 66 18 76 56 98 69 72 36 91 39 32 11 57 27 45 97 100 88 1 71 71 84 78 99 27 60 50 59 92 80 85 83 39 96 33 53 94 10 60 72 78 40 91 79 90
1000
75 83 2 33 23 68 78 50 45 36 82 74 43 65 27 0 72 86 50 71 62 36 82 96 17 25 75 52 81 66 70 69 53 71 12 65 48 27 69 52 65 29 79 3 49 68 98 88 89 89 13 63 24 19 26 37 28 99 42 24 84 42 70 85 10 82 87 46 51 33 57 80 33 5 11 81 50 44 84 59 64 53 100 67 100 93 18 19 58 62 76 70 58 41 59 12 50 83 65 58 8 93 22 7 66 50 1 49 8 27 33 19 90 50 56 22 90 15 87 41 70 81 13 69 22 23 67 98 41 42 15 13 96 86 38 56 52 45 69 43 54 62 2 13 83 11 79 63 35 9 14 4 18 92 2 82 5 85 61 75 41 90 29 83 97 46 14 74 23 88 34 59 13 10 20 57 77 59 78 55 64 48 99 60 41 66 17 94 32 8 98 71 62 88 97 91 96 89 99 77 19 13 82 45 97 53 2 81 10 47 33 81 58 56 5 52 64 5 20 19 23 92 65 10 34 43 60 96 41 99 98 61 29 12 11 33 72 68 90 56 50 6 29 36 16 53 11 11 71 69 69 6 0 49 29 16 32 56 81 91 4 71 77 15 73 7 29 22 16 25 26 43 97 92 91 63 25 22 99 65 83 60 2 71 68 92 24 88 76 29 42 5 68 81 59 16 1 54 52 8 63 97 21 17 25 24 35 80 18 20 74 85 60 67 16 92 95 0 26 35 26 36 73 76 43 58 10 45 46 97 55 79 2 14 38 53 40 96 51 74 73 55 47 81 95 23 92 36 67 29 52 90 72 40 47 4 17 74 38 75 91 48 58 11 39 61 8 93 98 43 28 79 26 5 4 50 23 40 0 9 30 10 74 100 35 2 46 36 76 51 35 25 31 16 31 65 10 77 83 95 4 24 71 51 68 98 3 33 39 60 27 24 42 15 42 64 54 36 72 65 83 13 71 80 21 46 49 1 80 90 40 5 6 27 10 7 54 85 44 39 86 64 64 91 99 80 60 64 24 59 57 91 81 59 6 29 74 12 61 11 86 50 55 39 91 24 70 16 0 87 5 19 39 63 75 21 93 5 64 99 86 86 31 85 26 86 21 94 63 65 2 93 14 25 0 99 78 71 100 30 33 47 93 39 42 83 19 37 97 21 97 58 19 12 77 2 8 79 90 42 46 57 56 42 60 53 2 22 13 68 51 7 96 63 1 49 80 90 7 6 99 89 46 64 39 52 42 32 23 4 38 37 95 42 88 25 88 1 81 37 48 96 82 5 31 11 5 31 15 53 72 83 84 58 90 22 36 9 7 0 3 92 28 32 93 45 65 9 33 39 34 79 99 45 40 69 65 53 61 42 56 20 1 34 36 62 96 11 82 39 44 74 97 11 65 16 31 41 32 38 9 0 32 80 29 82 90 58 21 62 56 19 25 9 19 99 79 41 18 75 100 26 62 8 69 65 79 33 83 69 14 91 91 9 81 48 97 99 12 83 25 88 66 36 20 75 64 25 83 92 0 39 94 4 23 70 41 80 27 66 78 42 64 2 71 33 89 37 50 11 73 59 47 23 68 6 26 32 6 45 39 14 38 39 16 92 98 51 97 100 73 41 88 22 67 59 27 68 95 31 96 92 17 27 16 24 99 79 63 93 25 80 64 25 40 67 11 72 87 94 39 31 72 70 39 48 24 29 11 76 36 43 98 43 58 46 43 44 70 74 13 68 72 1 73 2 75 27 84 67 25 9 58 7 81 44 69 35 58 96 16 34 37 4 100 59 1 57 25 74 63 16 22 18 3 33 22 83 3 83 74 39 68 60 23 27 14 13 48 72 34 85 89 19 27 47 68 0 41 52 51 75 41 18 53 92 96 16 12 56 90 32 98 100 7 5 70 22 69 98 53 40 36 46 36 76 76 68 14 47 79 80 85 58 100 16 6 28 58 91 26 66 29 96 70 10 15 93 5 12 19 84 98 71 57 44 13 44 98 50 1 7 94 6 83 86 89 42 34 54 88 87 79 98 3 62 12 48 65 35 73 76 18 99 69 65 60 38 58 51 3 65 82 7 22 11 28 76 77 82 14 75 48 5 55 20 75 1 22 97 88 35 86 71 48 25 40 49 12 66 91 75 61 15 60 3 48 28 21 81 24 83 80 37 51 10 26 10 10 78 16 95 99 56 46 52 49 51 30 27 83 56 56 63 77 56 91 5 16 37 100 96 54 55 81 98 45 66 30 16 75 14 83 93 15 6 92 12 96 92
31
47 29 66 29 66 66 29 49 2 49 29 29 66 2 35 2 47 2 29 2 2 66 35 66 49 47 35 29 49 49 66
83
48 83 60 3 11 69 74 12 3 12 34 12 11 11 30 12 41 41 34 71 74 81 53 48 71 41 83 48 11 83 12 60 83 53 3 41 41 12 71 30 12 30 71 74 81 41 12 83 71 71 12 74 41 30 12 12 12 48 71 48 74 41 69 71 60 11 81 41 11 69 60 48 74 71 71 11 83 12 53 48 48 34 81
105
93 29 29 25 34 84 9 43 7 15 84 91 93 25 9 24 20 84 17 34 77 9 24 24 43 43 33 81 93 9 50 43 91 24 50 91 7 50 9 34 24 34 24 77 34 17 81 9 9 7 33 24 81 25 20 91 91 91 9 25 91 25 20 21 15 15 24 15 81 90 17 7 9 9 9 15 81 25 33 81 93 15 77 91 15 21 24 33 33 77 90 77 21 90 43 24 29 34 9 33 77 43 43 81 33
198
94 58 73 68 77 18 66 59 73 50 9 49 28 14 83 28 9 77 10 59 83 25 65 64 50 68 65 25 77 8 10 83 69 18 64 43 58 94 19 77 90 77 77 59 73 50 26 30 68 14 68 57 26 8 13 77 10 13 66 13 30 69 39 8 39 8 68 28 58 66 68 30 64 39 50 73 50 10 82 69 94 97 82 68 30 94 30 64 14 16 64 66 77 3 94 43 14 82 30 90 25 28 57 58 50 26 13 94 13 64 78 97 8 43 97 82 9 73 58 26 50 3 25 50 3 69 19 9 28 25 39 59 58 59 66 82 82 65 69 97 26 10 73 77 77 64 10 50 83 69 57 66 13 43 13 10 68 8 58 43 18 83 94 14 82 68 50 83 57 85 64 90 13 8 50 14 43 8 43 94 78 64 28 73 59 39 13 57 97 94 83 69 90 9 57 10 58 39
202
16 96 84 51 68 25 79 51 51 37 90 2 84 35 90 90 26 90 16 78 51 65 25 62 2 76 37 45 64 46 77 79 76 74 39 13 7 53 25 16 76 35 51 16 45 35 68 37 78 23 16 39 16 96 51 76 2 78 45 18 78 74 68 74 42 11 86 65 45 7 91 84 90 74 26 91 11 25 65 68 62 2 13 68 45 2 91 96 0 35 86 25 18 64 79 91 7 47 0 76 46 23 45 26 62 79 90 79 45 51 26 90 64 23 79 39 51 2 74 65 53 18 68 64 0 7 90 16 96 74 91 62 46 86 76 18 51 68 53 86 26 76 90 37 42 47 51 39 37 96 86 90 86 16 2 13 46 79 51 51 23 25 62 51 39 96 23 47 37 7 13 2 37 76 76 76 2 64 53 18 16 45 0 18 23 68 16 78 45 86 18 7 96 35 53 37 79 11 78 7 65 51
197
63 60 71 1 25 68 75 40 76 61 76 25 29 24 69 42 0 52 68 90 50 19 76 80 1 79 11 68 29 42 76 63 20 56 60 79 64 64 80 0 75 11 29 44 64 64 0 75 1 69 11 76 61 40 71 19 11 60 40 79 63 69 42 20 79 71 60 76 44 79 0 20 76 50 90 75 92 11 50 80 71 68 19 69 37 75 69 15 61 40 71 29 76 52 69 30 38 11 71 76 92 69 76 68 25 38 44 37 61 69 15 11 15 8 1 97 1 56 60 52 71 64 63 71 23 64 50 56 50 29 29 56 37 80 40 61 64 37 23 23 42 25 76 71 71 25 30 68 30 63 37 50 79 15 25 0 42 8 61 79 61 50 79 20 0 69 76 23 75 76 30 19 90 75 15 30 60 30 0 42 30 69 60 42 8 80 76 63 44 61 29 30 1 44 79 76 50
110
73 88 83 21 88 21 75 71 21 74 95 18 21 56 21 73 18 28 75 41 21 17 45 88 28 21 83 68 41 45 83 54 41 21 28 54 22 5 9 41 56 96 68 28 95 56 74 56 68 71 22 5 18 96 54 10 41 21 88 75 71 73 75 71 54 28 71 75 45 21 95 73 22 21 22 56 18 75 83 21 68 71 74 75 21 28 21 17 10 73 73 96 9 75 88 71 9 10 10 83 96 88 41 56 75 10 95 88 68 71
111
56 96 20 100 29 17 33 33 20 74 96 18 52 40 40 40 96 43 74 56 100 18 29 17 18 43 17 33 18 27 64 58 33 96 33 33 17 18 64 64 68 43 74 33 46 17 76 40 74 29 18 40 27 76 69 27 17 43 33 76 18 64 56 56 46 76 96 88 68 33 17 29 33 40 43 33 33 33 74 27 100 76 58 17 96 74 64 27 33 29 40 27 56 58 100 100 40 43 40 76 74 52 18 43 33 33 29 88 88 58 76
239
38 43 47 41 43 41 69 12 28 55 43 94 63 36 28 28 5 57 3 76 43 67 21 5 32 43 69 41 36 12 32 90 90 21 7 47 16 5 43 31 21 48 48 21 21 76 90 39 39 78 36 41 5 69 43 0 38 20 70 90 95 94 57 43 48 96 90 67 5 28 57 7 51 43 81 32 5 48 39 51 3 94 28 38 94 43 71 95 41 41 43 57 28 43 48 47 38 55 69 94 28 43 96 47 69 1 55 28 38 76 0 96 32 5 67 5 38 5 90 57 32 41 43 32 5 5 21 90 43 12 71 5 69 38 76 28 70 43 12 90 7 36 36 3 28 36 20 90 69 78 28 21 28 21 43 90 55 5 38 32 5 81 70 12 28 41 95 96 38 38 81 5 39 94 94 21 55 57 32 26 5 38 43 41 78 70 43 81 43 57 20 90 20 20 38 32 28 28 1 70 21 43 32 32 16 26 21 28 69 63 76 38 21 12 43 67 43 96 0 28 1 5 0 48 70 47 20 76 31 12 96 43 57 5 43 51 5 96 36
110
53 39 41 66 82 41 84 3 3 77 46 76 58 80 22 22 80 39 80 6 3 22 46 46 39 16 39 46 3 76 76 16 22 6 53 46 80 27 27 82 3 16 58 22 66 19 27 48 39 10 16 6 10 77 58 53 53 39 3 80 39 3 53 39 76 6 76 39 82 6 80 84 39 19 8 82 48 53 46 8 76 82 41 10 66 22 27 22 39 58 76 39 19 27 19 53 48 22 22 39 16 6 80 22 66 22 39 22 82 22
217
72 34 14 40 76 84 59 27 88 54 27 40 34 76 5 6 31 72 21 88 20 20 78 78 59 6 31 82 31 86 59 21 31 84 91 52 21 27 52 93 5 52 21 21 68 57 55 59 70 86 95 78 18 88 22 34 57 70 13 58 21 31 86 94 62 34 86 18 6 27 86 59 59 52 59 86 3 40 52 18 52 84 94 95 72 3 94 95 59 59 31 94 31 31 86 5 95 58 94 86 57 70 52 6 57 40 59 62 40 55 34 88 13 68 13 95 3 72 58 72 40 3 13 70 86 76 82 31 59 13 59 57 40 4 86 86 95 57 31 84 14 6 40 6 3 70 76 93 31 93 94 95 59 59 3 40 52 13 94 55 88 59 4 14 86 6 84 86 3 34 5 88 40 4 59 62 52 95 91 18 95 59 78 31 31 31 21 52 14 14 27 59 93 88 40 95 57 3 76 86 34 20 13 57 57 22 54 20 84 95 86 72 31 68 6 86 76
11
20 51 20 20 51 51 20 20 51 20 51
91
64 92 18 6 58 18 18 67 44 64 44 44 12 28 64 58 6 6 70 12 44 32 70 28 44 18 83 20 83 19 64 67 12 40 92 44 92 28 58 58 40 83 40 12 64 20 92 70 28 92 18 32 67 18 44 28 58 70 40 67 18 67 28 92 44 40 92 12 44 64 40 20 58 19 58 92 19 3 6 83 12 64 44 44 32 67 44 44 64 6 40
43
99 36 77 49 6 99 99 60 99 77 6 36 29 99 36 49 63 36 99 77 99 99 6 77 6 60 99 60 6 29 29 60 49 77 60 49 6 99 36 63 6 60 99
183
21 24 97 95 95 94 94 15 28 64 95 64 42 70 24 42 95 95 47 42 27 75 57 48 94 94 97 97 67 74 70 27 64 64 78 47 64 78 94 95 69 6 90 78 27 56 61 90 6 90 54 64 69 37 54 21 95 80 90 94 75 7 94 78 37 95 94 57 15 54 95 70 28 42 61 95 80 6 48 47 61 90 21 6 80 69 19 64 56 95 21 28 90 95 54 21 78 69 80 69 64 57 94 47 95 19 75 95 64 80 90 37 67 6 54 80 6 75 78 6 61 69 75 64 54 90 80 49 54 78 49 57 24 61 94 21 91 95 27 24 37 21 7 69 74 28 90 47 74 57 48 90 74 69 90 57 49 7 94 21 97 74 94 67 24 7 28 61 49 80 78 70 21 91 64 75 24 6 94 67 21 97 80
228
46 59 61 54 11 46 90 99 59 3 51 96 94 81 5 81 11 84 53 51 54 65 59 27 89 24 61 86 99 53 5 24 46 96 65 3 93 69 5 62 81 65 81 54 5 99 31 9 70 62 61 90 5 70 6 59 70 46 54 99 32 65 6 31 59 98 65 65 45 11 86 96 99 5 65 61 64 94 3 94 91 11 99 94 99 31 89 85 84 53 61 81 3 32 54 5 98 81 3 54 64 81 70 99 61 70 65 81 65 94 68 62 96 64 32 51 91 61 81 69 32 70 69 51 61 5 3 6 91 59 61 11 69 68 70 5 51 98 86 27 62 64 61 81 11 99 98 46 94 91 11 46 70 85 5 90 62 99 98 85 65 62 27 90 64 96 6 81 64 64 46 61 62 61 45 91 65 53 62 91 89 31 5 93 51 99 93 70 90 53 53 61 89 61 24 61 94 3 81 5 89 6 27 22 94 64 62 85 54 64 62 24 31 64 62 59 99 9 64 93 3 99 99 6 90 31 3 65
166
76 81 68 39 57 51 0 66 8 81 8 16 36 99 35 45 81 38 73 16 35 70 67 62 0 81 71 71 81 66 36 62 32 71 39 38 38 51 62 16 38 76 34 4 34 71 51 32 76 43 51 3 0 45 38 62 99 36 51 45 99 38 8 38 81 67 5 39 66 0 62 62 76 4 38 32 8 3 51 4 76 38 45 70 0 38 35 8 38 81 32 5 76 8 36 45 45 66 3 62 90 62 76 4 4 99 70 71 96 39 3 38 62 45 81 39 0 45 34 39 32 81 96 68 68 73 68 5 77 90 96 45 36 81 81 38 62 43 8 81 51 35 62 90 73 68 70 43 77 81 4 90 66 62 45 0 51 66 67 43 62 70 57 77 5 0
107
83 70 21 57 83 52 21 60 47 16 90 83 57 70 90 90 70 57 18 18 100 39 60 90 86 86 21 86 52 90 60 57 60 14 72 90 16 16 72 52 39 14 83 90 21 86 18 94 21 39 60 100 90 7 70 18 70 16 16 100 14 16 52 94 21 7 72 94 72 94 16 42 52 90 52 60 86 98 72 72 83 90 42 47 72 60 83 7 18 14 98 98 63 14 83 52 70 72 7 47 90 42 14 14 60 86 39
220
30 28 93 86 88 11 71 30 30 60 94 86 58 86 55 88 88 22 86 88 81 30 22 19 22 66 30 71 11 44 11 66 93 27 77 94 43 11 22 62 66 28 77 78 27 94 66 55 88 1 60 60 60 11 20 78 48 94 70 96 31 20 96 60 67 77 70 96 58 62 60 39 20 58 55 78 20 55 74 66 20 70 74 54 67 55 31 96 28 1 40 19 22 74 20 60 88 62 61 54 28 48 40 86 86 81 67 88 43 19 11 88 28 1 19 67 93 70 78 28 60 19 11 60 40 20 27 96 66 1 28 40 27 66 40 81 27 40 60 94 60 60 66 86 22 88 67 70 61 77 39 43 96 60 39 49 49 54 94 40 30 71 39 67 78 30 96 74 27 30 54 88 55 74 78 96 61 20 74 40 28 31 27 81 61 66 31 11 71 43 55 30 20 78 61 11 30 58 62 48 70 11 20 77 40 40 22 11 70 28 70 88 48 60 18 81 30 28 40 70
53
19 57 98 36 61 36 19 97 36 86 36 57 57 98 57 57 86 61 56 36 19 98 12 86 57 12 57 61 98 12 86 19 32 19 97 56 98 36 36 56 61 97 36 61 61 56 61 86 36 97 98 57 19
1000
1 14 22 90 85 72 23 9 92 49 0 99 93 61 40 86 75 85 75 93 9 29 81 44 93 1 3 43 5 87 75 17 19 87 93 62 33 43 32 22 10 83 27 28 50 46 64 37 26 52 37 14 32 80 62 82 61 55 75 99 3 67 55 98 32 97 85 42 59 41 87 86 14 99 5 8 39 47 59 10 40 64 82 75 14 0 97 4 95 100 26 18 71 15 57 96 31 27 78 30 43 29 32 97 65 100 54 15 29 64 28 58 84 91 9 49 64 62 3 26 29 78 54 80 64 32 71 84 28 40 10 24 32 10 28 84 14 81 84 83 14 25 30 26 14 30 23 92 72 23 25 30 22 39 27 36 82 54 81 64 27 15 82 99 62 32 94 64 81 36 84 47 61 72 54 100 15 44 60 17 93 64 71 18 60 49 61 93 29 55 14 78 64 25 90 26 57 18 46 85 62 0 25 53 33 45 26 80 37 20 97 72 25 30 32 15 97 66 14 63 46 28 94 83 62 93 46 28 3 85 11 87 9 87 94 99 73 3 42 97 3 80 85 84 83 5 5 90 14 68 62 59 33 97 63 98 93 34 88 36 92 94 40 0 19 83 37 57 28 84 27 40 84 29 48 71 60 10 46 64 27 64 61 62 10 97 57 100 68 83 36 82 4 3 28 64 93 40 40 54 96 90 67 68 81 12 80 2 28 94 57 55 57 26 60 61 22 87 71 27 93 65 83 14 81 50 46 47 88 10 14 50 93 93 17 30 61 96 3 84 18 47 25 31 96 62 49 82 78 54 81 64 64 29 27 40 92 64 94 27 22 18 52 64 53 48 10 32 57 65 97 25 90 3 85 42 14 10 10 89 37 44 78 11 96 10 18 48 75 61 32 78 97 18 28 43 40 94 83 87 2 75 25 47 87 78 18 93 44 82 29 60 34 61 94 9 85 62 14 39 92 40 29 64 22 3 10 33 100 18 78 61 36 75 92 93 54 57 22 61 10 34 71 42 98 75 89 69 61 73 11 27 81 42 55 96 82 73 20 46 41 39 30 71 86 48 60 34 62 43 81 17 1 36 2 90 43 10 42 62 44 78 2 97 29 96 46 0 19 82 64 55 61 93 71 96 42 26 25 58 91 55 14 2 44 17 82 71 90 91 30 26 0 9 47 0 49 98 99 24 38 62 81 90 50 100 2 80 23 93 71 71 48 49 0 68 24 25 90 22 44 83 36 14 65 8 9 83 17 37 44 22 24 54 0 80 67 84 87 72 10 10 14 30 71 8 14 18 64 49 27 61 17 25 0 75 88 36 22 18 44 62 53 44 10 84 52 45 54 9 40 67 14 93 67 71 39 2 17 75 25 41 78 3 85 82 9 28 85 52 75 22 10 36 54 17 29 68 94 83 81 53 60 34 58 75 0 84 28 2 95 55 55 85 25 55 5 84 37 39 42 95 26 40 28 40 40 96 39 55 67 55 17 15 32 38 26 24 39 26 24 22 4 80 27 47 48 47 38 12 15 5 64 42 97 39 64 64 75 34 36 75 87 34 10 81 69 78 65 41 89 92 88 46 84 25 61 85 89 26 0 22 87 14 0 9 50 41 22 81 55 78 87 75 94 61 61 29 40 93 61 25 96 29 25 92 96 39 32 0 11 86 37 1 12 27 98 1 0 94 15 46 32 23 94 18 47 25 75 71 35 38 20 10 65 32 14 10 49 96 66 84 46 0 99 40 17 71 86 28 86 59 91 81 62 24 87 34 18 1 33 42 18 49 71 68 57 67 86 53 58 65 71 54 81 5 43 26 84 90 25 27 71 62 3 90 47 90 38 8 37 14 52 12 75 10 62 17 40 65 32 14 44 46 3 68 24 44 71 63 18 33 14 64 96 18 17 69 26 38 83 67 24 60 49 55 24 25 87 61 47 19 46 62 93 19 0 32 80 88 62 47 89 0 28 40 97 68 57 65 45 94 46 71 93 62 94 12 46 90 9 45 9 44 80 27 32 48 0 47 14 22 44 10 35 0 57 90 14 99 94 41 40 68 0 53 62 27 44 43 25 40 87 93 87 39 75 80 23 71 93 59 30 64 84 71 80 62 38 33 78 9 97 5 9 5 28 38 18 24 50 30 91 32 32 88 80 71 61 30 69 8 45 96 34 47 90 65 18 14 23 82 45 73 46 26 18 61 51 32 81 10 62 32 68 42 39 30 72 96 82 22 78 78 62 14 58 42 10 93 63 5 38 75 0 44 75 62 46 75
133
72 72 72 72 72 72 72 72 72 72 72 72 72 72 72 72 72 72 72 72 72 72 72 72 72 72 72 72 72 72 72 72 72 72 72 72 72 72 72 72 72 72 72 72 72 72 72 72 72 72 72 72 72 72 72 72 72 72 72 72 72 72 72 72 72 72 72 72 72 72 72 72 72 72 72 72 72 72 72 72 72 72 72 72 72 72 72 72 72 72 72 72 72 72 72 72 72 72 72 70 70 70 70 70 87 87 87 87 87 87 87 87 87 87 87 87 87 87 87 87 87 87 87 87 87 87 87 87 87 87 87 87 87
180
59 59 59 59 59 59 59 59 59 59 59 59 59 59 59 59 59 59 59 59 59 59 59 59 59 59 59 59 59 59 59 59 59 59 59 59 59 59 59 59 59 59 59 59 59 59 59 59 59 59 59 59 59 59 59 59 59 59 59 59 59 59 59 59 59 59 59 59 59 59 59 59 59 59 59 59 59 59 59 59 59 59 59 59 59 59 59 59 59 59 59 59 59 59 59 59 59 59 59 59 59 59 59 59 59 59 59 59 59 59 59 59 59 59 59 59 59 59 59 59 59 59 59 59 59 59 59 59 59 59 59 59 59 59 59 38 38 38 38 38 38 38 38 38 38 38 38 38 38 38 38 89 89 89 89 89 89 89 89 89 89 89 89 89 89 89 89 89 89 89 89 89 89 89 89 89 89 89 89 89
239
36 36 36 36 36 36 36 36 36 36 36 36 36 36 36 36 36 36 36 36 36 36 36 36 36 36 36 36 36 36 36 36 36 36 36 36 36 36 36 36 36 36 36 36 36 36 36 36 36 36 36 36 36 36 36 36 36 36 36 36 36 36 36 36 36 36 36 36 36 36 36 36 36 36 36 36 36 36 36 36 36 36 36 36 36 36 36 36 36 36 36 36 36 36 36 36 36 36 36 36 36 36 36 36 36 36 36 36 36 36 36 36 36 36 36 36 36 36 36 36 36 36 36 36 36 36 36 36 36 36 36 36 36 36 36 36 36 36 36 36 36 36 36 36 36 36 36 36 36 36 36 36 36 36 36 36 36 36 36 36 36 36 36 36 36 36 36 36 36 36 36 36 36 36 36 36 36 36 36 16 16 16 16 16 16 16 16 16 16 16 16 16 16 16 16 16 16 16 16 16 16 16 16 16 16 16 16 16 16 16 16 16 16 16 16 16 16 16 16 16 16 16 16 16 16 16 16 72 72 72 72 72 72 72 72 72 72 72 72
19
52 52 52 52 52 52 52 52 52 52 52 52 52 52 12 12 12 12 75
51
73 73 73 73 73 73 73 73 73 73 73 73 73 73 73 73 73 73 73 73 73 73 73 73 73 73 73 73 73 73 73 73 73 73 73 73 73 73 69 69 83 83 83 83 83 83 83 83 83 83 83
96
73 73 73 73 73 73 73 73 73 73 73 73 73 73 73 73 73 73 73 73 73 73 73 73 73 73 73 73 73 73 73 73 73 73 73 73 73 73 73 73 73 73 73 73 73 73 73 73 73 73 73 73 73 73 73 73 73 73 73 73 73 73 73 73 73 73 73 73 73 73 73 73 67 67 67 67 67 67 67 67 67 67 67 67 67 67 67 67 67 67 67 80 80 80 80 80
211
81 81 81 81 81 81 81 81 81 81 81 81 81 81 81 81 81 81 81 81 81 81 81 81 81 81 81 81 81 81 81 81 81 81 81 81 81 81 81 81 81 81 81 81 81 81 81 81 81 81 81 81 81 81 81 81 81 81 81 81 81 81 81 81 81 81 81 81 81 81 81 81 81 81 81 81 81 81 81 81 81 81 81 81 81 81 81 81 81 81 81 81 81 81 81 81 81 81 81 81 81 81 81 81 81 81 81 81 81 81 81 81 81 81 81 81 81 81 81 81 81 81 81 81 81 81 81 81 81 81 81 81 81 81 81 81 81 81 81 81 81 81 81 81 81 81 81 81 81 81 81 81 81 81 81 81 81 81 28 28 28 28 28 28 28 28 28 28 28 28 28 28 28 28 28 28 28 28 28 28 28 28 28 28 28 85 85 85 85 85 85 85 85 85 85 85 85 85 85 85 85 85 85 85 85 85 85 85 85 85 85
243
14 14 14 14 14 14 14 14 14 14 14 14 14 14 14 14 14 14 14 14 14 14 14 14 14 14 14 14 14 14 14 14 14 14 14 14 14 14 14 14 14 14 14 14 14 14 14 14 14 14 14 14 14 14 14 14 14 14 14 14 14 14 14 14 14 14 14 14 14 14 14 14 14 14 14 14 14 14 14 14 14 14 14 14 14 14 14 14 14 14 14 14 14 14 14 14 14 14 14 14 14 14 14 14 14 14 14 14 14 14 14 14 14 14 14 14 14 14 14 14 14 14 14 14 14 14 14 14 14 14 14 14 14 14 14 14 14 14 14 14 14 14 14 14 14 14 14 14 14 14 14 14 14 14 14 14 14 14 14 14 14 14 14 14 14 14 14 14 14 14 14 14 14 14 14 14 14 14 14 14 14 14 10 10 10 10 10 10 10 10 10 10 10 10 10 10 10 10 10 10 10 10 10 10 10 10 10 58 58 58 58 58 58 58 58 58 58 58 58 58 58 58 58 58 58 58 58 58 58 58 58 58 58 58 58 58 58 58 58 58 58 58 58
181
51 51 51 51 51 51 51 51 51 51 51 51 51 51 51 51 51 51 51 51 51 51 51 51 51 51 51 51 51 51 51 51 51 51 51 51 51 51 51 51 51 51 51 51 51 51 51 51 51 51 51 51 51 51 51 51 51 51 51 51 51 51 51 51 51 51 51 51 51 51 51 51 51 51 51 51 51 51 51 51 51 51 51 51 51 51 51 51 51 51 51 51 51 51 51 51 51 51 51 51 51 51 51 51 51 51 51 51 51 51 51 51 51 51 51 51 51 51 51 51 51 51 51 51 51 51 51 51 51 51 51 51 51 51 51 1 1 1 1 1 1 1 1 1 1 1 1 1 1 1 1 1 1 1 1 1 1 1 1 1 1 1 1 1 1 1 1 1 1 1 79 79 79 79 79 79 79 79 79 79 79
52
50 50 50 50 50 50 50 50 50 50 50 50 50 50 50 50 50 50 50 50 50 50 50 50 50 50 50 50 50 50 50 50 50 50 50 50 50 50 50 46 46 46 46 74 74 74 74 74 74 74 74 74
1000
32 32 32 32 32 32 32 32 32 32 32 32 32 32 32 32 32 32 32 32 32 32 32 32 32 32 32 32 32 32 32 32 32 32 32 32 32 32 32 32 32 32 32 32 32 32 32 32 32 32 32 32 32 32 32 32 32 32 32 32 32 32 32 32 32 32 32 32 32 32 32 32 32 32 32 32 32 32 32 32 32 32 32 32 32 32 32 32 32 32 32 32 32 32 32 32 32 32 32 32 32 32 32 32 32 32 32 32 32 32 32 32 32 32 32 32 32 32 32 32 32 32 32 32 32 32 32 32 32 32 32 32 32 32 32 32 32 32 32 32 32 32 32 32 32 32 32 32 32 32 32 32 32 32 32 32 32 32 32 32 32 32 32 32 32 32 32 32 32 32 32 32 32 32 32 32 32 32 32 32 32 32 32 32 32 32 32 32 32 32 32 32 32 32 32 32 32 32 32 32 32 32 32 32 32 32 32 32 32 32 32 32 32 32 32 32 32 32 32 32 32 32 32 32 32 32 32 32 32 32 32 32 32 32 32 32 32 32 32 32 32 32 32 32 32 32 32 32 32 32 32 32 32 32 32 32 32 32 32 32 32 32 32 32 32 32 32 32 32 32 32 32 32 32 32 32 32 32 32 32 32 32 32 32 32 32 32 32 32 32 32 32 32 32 32 32 32 32 32 32 32 32 32 32 32 32 32 32 32 32 32 32 32 32 32 32 32 32 32 32 32 32 32 32 32 32 32 32 32 32 32 32 32 32 32 32 32 32 32 32 32 32 32 32 32 32 32 32 32 32 32 32 32 32 32 32 32 32 32 32 32 32 32 32 32 32 32 32 32 32 32 32 32 32 32 32 32 32 32 32 32 32 32 32 32 32 32 32 32 32 32 32 32 32 32 32 32 32 32 32 32 32 32 32 32 32 32 32 32 32 32 32 32 32 32 32 32 32 32 32 32 32 32 32 32 32 32 32 32 32 32 32 32 32 32 32 32 32 32 32 32 32 32 32 32 32 32 32 32 32 32 32 32 32 32 32 32 32 32 32 32 32 32 32 32 32 32 32 32 32 32 32 32 32 32 32 32 32 32 32 32 32 32 32 32 32 32 32 32 32 32 32 32 32 32 32 32 32 32 32 32 32 32 32 32 32 32 32 32 32 32 32 32 32 32 32 32 32 32 32 32 32 32 32 32 32 32 32 32 32 32 32 32 32 32 32 32 32 32 32 32 32 32 32 32 32 32 32 32 32 32 32 32 32 32 32 32 32 32 32 32 32 32 32 32 32 32 32 32 32 32 32 32 32 32 32 32 32 32 32 32 32 32 32 32 32 32 32 32 32 32 32 32 32 32 32 32 32 32 32 32 32 32 32 32 32 32 32 32 32 32 32 32 32 32 32 32 32 32 32 32 32 32 32 32 32 32 32 32 32 32 32 32 32 32 32 32 32 32 32 32 32 32 32 32 32 32 32 32 32 32 32 32 32 32 32 32 32 32 32 32 32 32 32 32 32 32 32 32 32 32 32 32 32 32 32 32 32 32 32 32 32 32 32 32 32 32 32 32 32 32 32 32 32 32 32 32 32 32 32 32 32 32 32 32 32 32 32 32 32 32 32 32 32 32 32 32 32 32 32 32 32 32 32 32 32 32 32 32 32 32 32 32 32 32 32 32 32 32 32 32 32 32 32 32 32 32 32 32 32 29 29 29 29 29 29 29 29 29 29 29 29 29 29 29 29 29 29 29 29 29 29 29 29 29 29 29 29 29 29 29 29 29 29 29 29 29 29 29 29 29 29 29 29 29 29 29 29 29 29 29 29 29 29 29 29 29 29 29 29 29 29 29 29 29 29 29 29 29 29 29 29 29 29 29 29 29 29 29 29 29 29 29 29 29 29 29 29 29 29 29 29 29 29 29 29 29 29 29 29 29 29 29 29 29 29 29 29 29 29 29 29 29 29 29 29 29 29 29 29 29 29 29 29 29 29 29 29 29 29 29 29 29 29 29 29 29 29 29 29 29 29 29 29 29 29 29 29 29 29 29 29 29 29 29 29 29 29 29 29 29 29 29 29 29 29 29 29 29 29 29 29 29 29 98 98 98 98 98 98 98 98 98 98 98 98 98 98 98 98 98 98 98 98 98 98 98 98 98 98 98 98 98 98 98 98 98 98 98 98 98 98 98 98 98 98 98 98 98 98 98 98 98 98 98 98 98 98 98 98 98 98 98 98 98 98 98 98 98 98 98 98 98 98 98 98 98 98 98 98
5
0 3 3 3 6
