4 0 0 0 200 200 200 200 0
2 70 70 120 120
1 100 100 100
4 0 0 0 200 200 200 200 0
3 100 102 70 80 20 10
4 70 70 35 130 70 35 130 130 35 70 130 35
4 0 0 0 200 200 200 200 0
2 70 70 120 120
1 100 100 100
4 0 0 0 200 200 200 200 0
3 100 102 70 80 20 10
4 70 70 35 130 70 35 130 130 35 70 130 35
4 0 0 0 200 200 200 200 0
2 70 70 120 120
1 100 100 100
4 0 0 0 200 200 200 200 0
3 100 102 70 80 20 10
4 70 70 35 130 70 35 130 130 35 70 130 35
4 0 0 0 200 200 200 200 0
2 70 70 120 120
1 100 100 100
4 0 0 0 200 200 200 200 0
3 100 102 70 80 20 10
4 70 70 35 130 70 35 130 130 35 70 130 35
0
0
0