50 54
312797#507#6411T57126671568479TT3460#95388919T32548#24
47210922#5659T76132#841#T#7729#7550966354131#T055682T9
59854#27T#420T8330966886120983#10768T1784#T51704#935T#
335411#43##1#22TT#9142086#T19850#T44078760892374289TT9
T918TT47T8674T2591592#0T76T589676#38904002#40599T6T193
35912T20580091415438172284969T907#69982692T67375#21497
7508#1612200310979357#02408585532936T2748#4#051#648239
8#15992259#879T2265TT97#02384#94TT9#0415545028286#T486
70838466888T88615#6##0#5058T2841844482T9###77985868#67
4604560988240273362251316#86T61616TT02#8T51388T364T#51
4414T3#424T46T75#9#00#022660942107622968545#704617T66T
898715#3T#281950528T132T145#209T195228T174911757115350
564TT62#8392T320824765011596170361#3717913516641036557
066411544093258407482214049793064901367613636180172845
824411865310339468809831939689852262861495796967619745
512668844896430092860977900653030725731632014844345835
369924043597514308234034684442520844692137975121963517
226137090345336956298211393108373589451229243102724393
625499933614877800928884367874045379915050000898073276
907592460908470390304883252399874532952252922546976952
346052741002934252907581590136280146896610713672683623
851251310374908084651514700119797786465637109252892014
532919076220621736633835417738956144463711000669257362
214953121810925025613331028834728451671721428989044287
656016903139482643714977066654672230861067943825815674
325948106241749484595026381575280251912204453437354511
130691731090104560997414065257583950040511810055552299
108300085657455489810771466964463463142094778545921539
321637155151969945961350751675446635500698395189787667
405597332212593104663232221195578283509591681958406637
884386398340935701439379712485718216903116877169133931
576597067701561861416674803238724859359405251706786689
872400824505942940447436733737757143758813037337396542
843963269879490047339413074716235055732955656123529628
703982638707564065295579526420299198674926424283599455
425036018709959314359169521920566294691495204545274983
098661985758052076643033415030981628350592940704844942
375756838465825424720367323957081014565780463811019286
537638943933977271465123429717247208365319235389448696
487278536113384076431648750210746957142045296932481079
749151017976230606194241028790406925380830681264949695
739447126116897813946898372541826774815613663927762507
981727693330144722144032657414696547821065912363601308
753894094527231914426665210659404769904676855604597721
703302603817290074405372462897736524491183137031518533
461961229740864113148647903024487528094098348066427822
880466823747327781384380208839852868863213593566568579
828714394032595027712426301686948267838232122565784348
903645947477932684627615223512496746695831167786120346
132600546427922482980077682886937702711945478752518545
