58 65
08724#6#T#497092TT47042#T154528528#6#59155T05077T#6278599T1242#62
#454261#965950#47237#0525#67351296T31432T0#342#386#868T#78#21043#
7T0#5215542#758148#4T246560T#796599#3T8062358#64#9193549#47T#4885
9#0704127T2#4#T508954T4057317#T5#T0366554041#7T37#8#90#2#27755083
4#129779300T2352#8#372719277232T7414#0160552824##86TT10#376929895
95896213#7#24T10532631220#91#668069T8T28T5228321T4#29589552440586
2T75433T5560##T32408125T8929627112659172T569494#1876205#1#0027172
#0#006254#21717385602556958867T9#29#835467610550T#0589#53#1164#56
05642TT18415918051024993239T2646#22555659##T0#290644717988022896#
3#48T1990#2#13369T85608189770T3185TT9209734745025915922619540T628
20495098032T87T1T339785T1987T0473989101326169T597465124320T596992
T931026T831370T4108438206095T077197918026938T05879673929T70032522
65095296958747T2T439031756T09062078686593247161041302T90811831737
3151479488507212670385088813319641519593689T32T2T774347T5T732184T
25502234967899340757925568624489203480222857156644819217953975T2T
62481602377821416787695964346521936730274076211219520209417852875
41468104122986933135527483282516648716629142470266812488421693485
61479526044490968581395881166021184525772537900950958492805500154
85894278369197700324433069571800895990794383714818361381743010491
08413316034332986991146242393282978406785230360015939077713521261
24358686696727337226439964281259264128226956007725167281413589972
43165872662658365331867438364635534092067132452476009937435200741
15546300147825357226130205683166168963983764680641188552193778239
07025019868384125702688290180313716352651364402498619220757266914
38166017926001823011846510147746072644682738379008114008617031837
39924027815025179589015485728699767117680318478693518438453448907
88731388360979316436065275935560745825641939337189058287906883655
43952029955455241492532161635118145298717400897159732577093510231
18747189657119096461101024587135283259003122530991164746841017537
60405742854662119502929659439873390422788267074091277025098885042
48685639641290173243250610890760459297335816380368408878360755064
81400037779788731338487885483825414311123506477832973718340903663
85619564060233128314988046103504946114347479066968940794935902710
94190060599126639480105646807600413903929742840694349499134415209
90140467113385696103609821292910961049842350836438472006967264951
85920739571239150193501291314085736415579306714924181674499827180
71588494117450407441544054486166127293289004240415012497341079655
51252932833641505817895262757280521803920821622463535355844445089
26921303634803907246334860903023704874476468426974542467554660329
65928369251569584227580210777115766494376043602013234326837190630
42831076390567528622050016206551630600079796900644464348197405403
95472813351365627153351726061591610656840635237826286420243159242
01085070914724390122437193718825095736995250827310588648098167562
97735478013827136030517569305730381475559800606391693889349038411
89374977458755481661125771590163857523054562098781191285310877679
42345125225305482726892789461247919042370344464654737021897724662
66729302771719969804839797276065278217169899662365057725702973895
26515775998778060805310502810536392071848740148124621749847332464
85957900546250709905438872805691791569848290917173571527160317464
84387085220397088533931999368353025261311972440859644286109621134
69844206606314007693959255271914467795776855323081572945508398239
70225230931159918154871777925054435780583291317009487369824292160
23192135188274689347911329780053831926624201407696270028401537892
58255738722919701217660929808861803082534475533475647683235265581
28216712287057611873755515473601522893790285112841143198042060608
37357113270501832836234229254608359020074204620993559720477624548
48025825307826205109745685507958327529513378175827707993005699160
22819846526961383713749068898200826097742065390774264242532590911
