53 61
4T05T4931107#75#6520235T5010721305829T5339T743630032794016188
240#4206#3T9595078084335#465565#T5T7#21#63830148248T##3#71847
27T#99#0T262T1635692271624535T3#55T7217435656510#T26T74041893
#818T8T0327811262294872437053906912#90#06#87035657T6652T0277#
71097#T#3#52#5222009T643867T5614755644577#16879T79867413295#3
T333197577468T2470#80938#T2831319T8T04773#5#9779#754494377338
#859531128411330#04T58660267998851T29#3#871138268685620T4TT27
624#0784200T55517#95723166648032285776#963##84087112394272632
T98T23982T25T5265T66382444#T2244#16683236908666080T0148500832
0#65T461T9##17682T428835515510#549321970T7##697870348T153624#
2T331552494#036T3657917021313849T7134T58#103465#43628223794T5
00775T3773T83511#466#02125831T95244#7762#8#6248582#7250830#4#
0T59654236509#21#725T9#32#6233535#4#885#7T#825T500#2126324T57
304654259240516#3##7268504782449484946360766005338T62##63T392
667T8493T928330863599806T904867976T1301717294T4TT12689698T3T3
T5TT907236290426865841632278496450325429657375071661983330743
9264480332929833716139803397699704267576539368957284059077796
5553880429578735984353342478109041756152673258042227287222708
1627106340041871294147995905289384644689989226732211306404620
4580189121458882115504804464495539165505645821425981579656794
3726806482611105778557484032273517276766906645603636739924283
8394102318951393699439462802015192673401352077402083288053089
7437342168158171227707243332861333469583485985145621254452152
3151927449983375521066697922037651504471429076227601512032820
1855611575849795383586814191673702582482554377340970218648717
8338995100043481003327431004867290721839398390747370412219103
5168728793652906174005658479893193444177117557208568319485814
3995964743974836695244818477704053470321377637957175820038673
5365536403141482317706296408761535792420964103802986941392294
9731972712120438200473549286938315524854481685237904724130913
8201939982187740086508009179773805266162685678221621762962064
4037108464900666185060984459488698353737129035939999223335078
2756083683947901030580525344140691018832861816520341137845421
6538886439823375666921349814596143304137885386470623388561950
1118225592311473796535532144648454936428311288571435840467372
7132525304310666866219894599333680463513552185402539868220713
2645983313933268076590803038873920457139824525965197012011337
7926823982288158551004473522382937603995252847189472193717505
9421998071895538563502710026651876662927469284519659579508562
3880160901645722235754759584574689586921762058770626360448797
8442938914586090678510257077495794412776881388801730637564648
2614191944920575435984078381993040419563011522139914961482456
1303160576789892096564916258438675115921646954738223950594543
2547761522831655679382353272954449984755920429723386226538305
4328567207285315441782846718592585094509251260133338798629166
3283065000427858756465361014303808050719537290056268326792593
3208116279582180078716221442429833024567438828387928802885095
7099477236203607363527670127993186499318522744524337512613940
5304181706928563034277829421993022226189465892082038997262204
8295711493532179436301933849950476930509141014842877688487346
1693929213358750211089488170744865297702102644045046807524759
4733368386846018760696812870578125412353113019921114801386510
4479596029030144750009652991577997871974006203303416887383452
