63 72
2TT6808019637T252049#77456#02#14T0TT07T288977#09#5T20TT98T2T133#311404T8
0#3#T8821#859769987T4T274334#5544037849175T40559500932979039681218910637
4538T8T81T9406#972653#788590308#638846854698085#2489745317487485#8636202
09T59344#1179#T266252236T1947T68#419091#T6T#9117745260891950#48#0100#541
#251368325915526677T#790114460597TT29#93464T368267057998260869510881754#
4117#T9599#4T04064016T6666#503844T38011924655T937T4103#T9T315#9211T16#38
49117#42117146#54672944#9243174945T487T18664099938#1534298TT4200#T485315
98915#21#1688T3561823832T#28681343916#295865T9352##5#6#96690238TT5#48211
T##9826T59744#52536#T6983800255554256043137925##0T2T4#680T02357821605T47
538080#8T66650292646436650T222186T86T#3051632144782#09991834290070793T91
#385802414755967993#6305772T9338##67083543T204195400#496#480709T3767310#
42586694TT8925769469877#25#97#1326005143345TT087868824089#T42304949655T1
T7#0#7#818870881766T9T6T275#170323312218TT72T346128T0616269752T#5540768T
8746#8402436#441228#4TT13212014099#0974007#3349508125587590912872821#437
17829682#496#8#098649050186636010874555747404445517265090248817147549121
953813494884305584173152180842187050183650639806157070706881055018481549
537430790290795035603694212531178288203834280812800771861580868028030890
962663514575490878815125949689116901056752057143321551352531774055435501
491339924516681216790639873596903666609863100350914687069039310374487826
368450266936025713915785348757935854336530336040040594781799056819619424
229621048408752583662533728441386573546474298983483237653328113692107947
369424376616219035221345274913693582363959601364890137641133688430102068
829981865178496463793857076749555534370935618809837740092069249441040398
151178517237006814574850630811738778918849860244626529728754303959115709
285805594706181508357160630702392697678819890195792923239010007273234634
303052298278378773205238003381837796852801239604984780587527446926277434
014024932610302662081853813193153395330364603053512342846295508253735725
062585122168785716739780632404046216693511505682568158287025390772887700
960337447636289507720320224405734786319079267900420883813592680924963773
932555588292897971895593182852075512519385033843918641653833518816611694
342660446497688662080114254182640989444729839915488866484659179366414126
375923119837106280005817744911739022619131971902291778860568482557168165
109969772468428686709311162235562430239286796909754063265516815858118619
121944340941771473755922300952460758593420097830593707090984410706001874
041432320844508111833312803888314638974531506521848964214111539394591254
056268026737002941840305827083535869152557392871147486130134291534866373
773886073672097946122715052779498393161279355906237567293564954390641191
555487576811598113954621437264100259076189267891895520880083675482125118
394149388414492709426484219650911092466589091408887062585015176648634859
255255640084115003501779359823603947087801919579484190353324948900223861
742464277933791492424644916206032191482900392775389223507453064876718014
349646815299602101508427684982598984897912687249529627974996758705777999
237956896985451635740704196587264058245620965704126781686388751069146928
469313248542842811110313124208020882805816171486679169634436636168244893
811384760076504141571448563750348278156881948946689951490443445837420183
741162377850897710448345354307551708300171876020544018310279769719526513
534810012197536216090386659275863188716239767165195832755272848664029589
636843805357648884770611394497610163351811883731844966624792814687975347
379270416617099879863327538898548991725948192343502160651962757124605605
221723107588373428660553033594250949419085241483134429712734482813898360
800438296095827844204090705749200698657619609948252516159137507428346218
984150950897426882006589656380798049323300205019403276759918996112342760
428163311606310291275794675947555102621442650464399366750458032456975242
336099782048944741518731364072597030044003419917402782511836956064246693
320565446501096428004720220886326867747897617309630513869307373262239188
414031523122296559873263637719350570012231486181432161458303796616881953
787902364430465655268376262236455731846066388981177712988555093969917481
810191528481238479476062606891033939053378714278865683786425867220646494
281984883779801868708642994915721290571102964704982053525404624154181876
892757139478640557637456702525722675305509187329215755629057727806557085
697672681424794283147014764005040763525576455601106702758710673428280356
256761812303003661740798082258976288723970029596516777856479773601585622
340856759618027006739187885282340159817351131129177472202392086718561703
