72 75
18#36349755T028T962713065344276779T5062##093291#48#5#3#867002#8T86715T04228
4#1731600T008751249047790929#857#T37017437907219T2161882TT31T899T44254#9#81
T267088T996378606694910#78280T9T03643234#18TT6#45002255118916T4#1T784204406
679T4T3608#1172760#959851359#68555793T73T68462#46T5##144826702097863T5T9##1
914586T#54810T#8218#189872685593#1077#T4369389322417023#4272749T9958884326#
372596#9#14TT660629446203T9T4397T05#T409558736718460305TT682162#67243768424
783180#13#611097179458T2#58012892#2T#1#60971998286T26146T460621053T54234##9
10538362T7T452250860193T5529456554157#89665#17913769917261426T036192053T391
442T0T817901725908142258620899T25049242953309811839392#88346060T#4#102#5569
66273956##9#817252271T72295#6380T2#144#3886411T770282134T038438290718684620
08T7321043705732#T2586013T2758054T481905476T614T4T3458586#7#8780T40#248T368
T84003388#18T17113T556640T0#67#4748##37#3075526698023TT30#66T629TT092709#76
51033939458#T#6414#T21T379388225379T8480T4383144576#986851553###689245621T2
83#016T0767438114003#041420#3250544633#216696#TT4257280013277030679183#5237
4792#822037396#9380511183437315945#6566140452713974097352000985173718310942
017197426346851356889420321237927999177110710347261353443870108019482447636
074736342351732736845771658465681617968413081000994719507985768331710714553
727684147968912463869027825841934623409412446272842924780134767387356322623
857407530136382581535172906887256678615634049524415581268406760901369658383
042526456050246750849736822274125598344133853616930470629351524164897549843
220528566424561094593428534856020177618099469046800467060702910548956247281
205615584087809445693812213561346293258117579383003623531043508636559202640
023299576023773755723139798542258146510940466950473526629545713405521790985
168839832740875715290154794703508790349257084354161911928237123588970548402
144516179810283878460942805496930223256579138215478490631974973002617575542
433103779425300045226123922386677654896814099608764511251407813973247011491
957248410920536105839473901188849499669405946702233576692356417185054891144
147516731202603784422962861177163617943869644922328487316776567292893423039
260328269848326203922249686966496673730644854321670791139455991779642974353
523012898509358237093622027245487877580543837194349662848258242102689381112
691690818785913559234539791603040505405052545715601590352896114919933396587
275704110307210621706870570797703013939899423203259941418414773403249508644
091216722057702366682312729618315204183095440220556488767551271106971365585
665016645859675556843608860699791074539218776178159988559759601372691457333
550369491787869448394087740447367881748410586062462687211611857076093888220
140861765079144137735305677433398296011969580178831621268510212372903399220
173898284714315396465688082354114596211036367119179900293510225075860211574
385689156150405972517770524035832753181486531989482652885424192460420377454
468496933302943679861575231905315145751244210150809334782334013525973162676
451791367671426017552831469928393582548964056222513268903678790663357326950
325744144479740546491617024567537713766670258139784294887120711283939871708
440271796118509213523415557879118293763949589042319990555084745641400492290
374699926934489110511227151355132429198009594576471943234391969729788247356
748130678785543412316995160394684647185911433251866227687345705352265738514
131639044702824306510850098572186916935999197878190815594312868157200130041
128275492793191966808278264423601618719273144506010367010852069376532764480
432383913362135324945689093074650107282009410769971326843853784806178989997
806634683935168320405411621289439063039700109476000215165639814991892110898
898287249163630739143271249259589130881171722753026298207870800902302523929
955244312662763707646532466851185893311996472499462015301083435102269842568
000198212256045227345827527461239466834164934217638682208764479721009137590
884924850340223114522791475861515412896018303812759971854439996329709200600
551243356913751153054265109196307176747266700070630884911845640219909118177
848750126012071394861972379388474676156289166535404284343823908373449220335
910253051607862694510730987455769919464591750419145521562437010990085200240
912944832487874578771023620582606501490879445397319434804264839171667173507
372440005849366318612168523939289749812716168352386071938026807719741691123
444383507118347640339287398544184040590884830863903430409129049545992995516
601709089889869764859648442084400123708027020902783049058890822050000241717
210551691303563403408918252755028117362798104178673193739306772109464330474
644287562075115036042685101046170976427004030008939352166781217947991425463
142757966701863914505246763464046796540481069105701450294730787795455829020
591439130768675309993771843906114111048970811300173883665891122324227338638
571424688009239611070328875143389008346975300118338389731755552230157879672
727125066784505455710803857104161511984920277337352726395011420440366252779
179563586924283676551727618031985573785870583973676904916641794388617837491
070398790041591216981603933016803010163218405563154238971781823206440100990
306861448542559758318820728458212393620589476968367683214754477886805232896
682980336672140628006140272823384362147480091939198799026311033443923048175
782254061830749816347106724792500320498551306273197603720626581856584577963
112875752077995615122091276882134515304254867598219435354984159682607206955
580347065857148224678881711785280553527067197767261968843848264119708981460
