87 79
00567994#81139#1345676724#257#7#34931674605T953418386T239408870349698522574647#
972T64096912906048#2448623380279217868905T622567191529344T041063513#143T22087#3
0885250TT#3603070620767601T88908T05466389T6117851T90856865476878951734702117010
53T6#74#59748444595441#474965T#25988817522TTT67770##62717484676387#80616039#94T
44T324T436074#67756354835004942214931074T#43T2T979041176182T49455696T838073T960
834085#7671942198#T69#9T#8119#156693#9TT837068260009#2#T2100459##723841878958##
834T7T9502947326618914293TT9#10754902797173829202223T41273#6535T83222#13T504265
5170#355T98420200562#5428160759464590T7T737139136#T556#17T5633#1742769T61978614
4021584T7241570T68167T81#580394#2T0#T4T5#6T4533#349T65#T20T51643483255#4#18843#
0#9T66T4926630#74#2T4718T296#05#069T1#2210890#48#TT35#43111416351536498T9871839
#1#2TTT54#68104T592#53#3582649832790T8527#204631395904450#4480###1#999#8021804T
41355#1300781#80T930T4#T5535T#7642#T241290TT#TT1#519T5072300306729942TT#T911##3
#848T10548T4#T#T400962751866899#T678706#888#T712#1364339#T3#1T96446925440882524
8671894673831777945825857397941915808431328234091264079672888148148608395954292
0413023668372364093160789962557815957849021485006941076929572843484850560663880
6943677139348046201871829231624495773233311530480366985524957882313508840131334
9155022073663606830038431897068948728996700770215915992420485777891415062738889
2106373222932250656859705403628061718149470640007787447188161189247635839655408
2840845256279667900890115104944981058649183791902117314976982849996097506619863
1360141227266048855293020994585446555091871543278556118605391186451603473372817
9912643856841241924592109702320486136922075966125436079391508605878539201961474
2848406718638941872705141612919778464192984804210738578596479047896637204286781
3618138163073830961405861659787199457942626834204782177647109212724581485485767
2593412334423478739336739430169296831095050901070842879617492502265682653922956
7166088901774010299260485265807591917782308374462865835920261732223957902046799
5698633094006617983397279247881648809459510985671971103003342127630731650665330
4228968003625964486569312473107700557491176570805807862667704597628206912204294
1306275001610039647891100969178506738549088549622430409483687257394608072917525
3770109899754914314887893200671279888199953110319181899071162532144359691868015
0045251015366154424413414119563852123813629066222749713194702893023407315193963
9509141136164239651977199006589183039595747721442339079002182805556318030845531
2552377094069644726772307750228483435849246908921670022262257168322456021437372
2800362149058892530661219518328332946743344598700171264460569446704950601452389
7184555391240185262343800235541406962743093537226321654384783865721225534525334
7777286298022550044217469568192144772405624630291155864269382577644578420614497
6442471990833179085285232516681577404115483932442953690867035301049000846623991
3462449435169260408932795460873086994703772705976644880363394718480733635132238
8744790103346266665225800267326714335614426148485409751110553021492305112996524
4915463949022223715536727806169051359555169849357658105154426749123237695571821
8682422356014043022978545023475013884937192241167106570536442651287509153378811
3368019873116794278305739245790271172281992354373522833439040709652551449168723
6977769752250395263737446000330976908090301688274546628979023964138976706521698
1998692189036924839827740378484263619033001018508904507044530141955265049829570
9728242657249157049939628572979073843978077688568819685971692596847367142103634
4135756989775928329803162097905746010996686909321173461823383900658362278947868
9848711091470271539517285380810052313704496917326956203788702995833770459544019
5890399300209175502397957178899493841817408575077245955512650868350575109045912
2641913195884023673373300826233401202863299104077356975085132596672027137703555
5247177889264198042471089422146490866620747363584226000448788562862068300902214
2101580586366598539979749283305441519947714879432752206781419216987582856320274
0148068716920377750502576066766183819017306714645438312281488469625620151580254
5948707783559473317460220408991701085832514825764780482710711511214493295044804
6495042337481922575374890714251947730022691757664049362911851857338247170466824
4181446518192848344220805057439023548557823894319052413755894680664261197794157
3820529563563941176497543252498555415821520179975851734981016075025678844799648
5806693993182328610117757634929734516022269423965168844386482853258467948337813
8531034158918072753416060339827651271788175439254040208310933542543094726949281
1781746719254397860556978037787225353817593078552352591891444917199027561337893
3374738516976394228792800739320019206837455985045477242585917745431103607343887
1530894549694579114275518376382855283442194362556716755351979922643785271507643
6315362108844243380301499085176789448060876443680302458828420077433402686662656
3157783207973736371778112377906102974319604573651506831753044165465526543891039
3480700345985613459221561769888054117780382920042607281075104805691743143625406
3699481501590475338559767042921626384480313620553291119334496301868143864508650
3796212051877149266663588576590005355255161077568834903460649246813824032905595
1531252464054182058196760379400467662651981096800889427821707242718109392742995
4354474035901362847648891325116398017589434586776489639102206474877034823613163
2595606105949639675619034517099498749586347188732583977067234710299572237651149
5349301760579455706512147950592306805702216792895351419074515560986769807409550
6920627371040104745754092526813521490595919284739036610015802577948219586021994
9499407163259201000639500124035693140727480406093015658693929622153593557394704
7025341600968157895143388233577785005293754311869395685038675059811062777643193
9779918606545512708333907965776894893518436646271370284160298274905998389670385
9698882971559876531507027449556410512357016931742767404289319322267855980776595
3870438086251956265157967183935235962278066470221808728581957802440629265901108
3967470500826463989372436331010097067389504875440369297940602762109375493405644
4562909100431667549694728365983140180537592309357524704212614659588396010177929
7955472358639716648979720331768956599242588470049591905081617471139521961960708
9377331980807963514054348679683878753590941101687268178793799638759992407162554
7604325521122859858674170056411660575497162230215487404245334932806549165477503
5631284545010544319628609412625672303167538159756728507902738325295726794077517
2100521061385352086535404306745075108164984571044327787564455083677344258631990
4978372724864054639015688076825329953350659406413226053296863615320326822801183
3593543873288640060085425789521221941805024604133027496633350273763941154897793
4720163433631925433987773206553036829736960197297146071777447565187805597519461
2703603429986295980790717176145620301297409788071789520176396963867648477477860
9290977598490764622168870901502106239295038626805421367777028402809235950599905
