64 90
T5724#T9#53142138664749TT897908#9355636T09#9#408T#4935815986985#4T4T5#0T83707#09287513#T4#
45894071240320614258#74T5954793333073#86809T534991T986#5851329#50#5431T#671#2900T21#904556
083#533T#649928T1#85#T8495462T02T72325623T#00025#2221T6T7249084T766T300623T270#T31044T6#13
15398#369T614882246129275694T2738T08172T50318472013239188#0T5#1525134761792351556089T1T642
8T213869#T45#07570T1T45T63#4186960T18820T791786618##15970832413226826T259464053112067158T8
26T914396T#1795155T8#4#3TT54674052T665757#628#81862#T531309271244432TT75158988352985236933
#28670TT70066206382T58765993716T73427746791535#6155#605#223171#38498#26T37460346199#222889
9838##48#326695T3T5846919370#798309641779113##16962554T2#52#44#04868T54#792T87491#2T301297
56#5645447T0692872330926797048892#6030907#4286279TT9#13622#6374962T22#62TT8T5T52073#0TT359
98855687826248506T33433#7399T2T02690057106746091208T7#96773515983788431418181T132169138023
989740600T7179T09322T4341881025TT2926367520432445664218828923201418382T28TT#133T1924330539
7T000850#2614342299T7##2725#7087#0#3947861T28293361T900839722411408593638869T705113314#857
#7300#58523#547319212469#75T8#9760##08#9T708##34069223#1253T8596515995T00T839#79983##74540
8455240892811842#349##09729362994#1872#73437324964#416#2298#612719494018150285820746415679
044448309144049861770443245155542898433913366226642689307599798520835039160082320937082153
502091731971598099388394690925136811938286300110981707846320417887674053915850523126306748
604263126671306497940045539521188116707302791810139875507579187423696829924401054492393736
706563605593966537113126064743209207444215920718637969146300248736143136252109817930327469
028389706534701016696631230761564949089459333201333166625738790764981649684725113761207978
902093979120752731543446637546187874346945917440983501038524371248705192163239941762021149
131182224148576367366902340401907031711560458309062766737721812112366179568659150919183952
370187215645422457466571271926215770042466153863192447175497256159767604845362526435039207
399588027565338191379718010789915560046148566967830506509453497625154239527422876317096067
312667265972751718672790838352139467324713075302622714389543540897019608985995240683112513
058908915176688797349861655369337808837368220249170883366779268944064353615324706654533449
074319644921645532799212042240034525483538762275159588820237082393113046716799118893777751
695056584093573244840570467976528103795317357840295068386737928613787477882365960997474538
133561408671881158942134507768630694464452668830303679906952717695477143732931479184892459
590943405627558717728509206859209579316862510154950689108987094684139352532247487663161599
527632910285059953708117244137592843201714289872614395495815188523610091947554062693881861
052093302300040689739290906443762936967953468209261610584953460123500823439612427223106979
205945968935402416951086499576083184627904869067004220797922983565034448498410832833721528
453973167728457716168867242659970960327516670420058162050680549087880222233215267344717101
671618183376784571372399769420967492420103076727019270256102377962635600808008618168937075
800404892409702000750817716488427359188378777400166999290883154920828248081687465477577220
762182975854435057301294176986377203426123162820368962296811037592598195253443312914700148
095364431533387638019801042402569021307073468843147308565810181846172666580018611766827443
355848623754780375523256911743872156619215562551711654258501370151255426629328065962061764
486313089851997696970556912758987183254248625406565227200772084791783503990443772771311641
963426962134786371930244461538017192614213998649963227874461485905287040609464943282845984
178138453950487891456218591452016416761573759853731577796784290785062978457808581950514784
247866166121289516133704477411269803769732824918998154818263064978493838837849452063104040
965887090747494067102200582390601202269776065567094830932478667866260766272422305695383494
799430623095483192229634741909631607370852225414843190128182535124024587130178929295114852
394601524573185602391626225740883205761459516806237719233274770846630311911889332596898457
309333597138086647700644571858736678506896475120169390420375951913213168321804848343138281
769712264481309449700040602993931458918280040803049564316641787937320286304593548096929295
498989490824384205014602424119126673311668622783801875210823651594623497583853527811671452
127860775425197607655337400627686367848475345774342289849687978286389015092258051012692495
880490762704108491443069896496067785509652237629758819796194850122600661928419364762603803
239071451205389787127548520927507635631640232871405517404503466140897099467333054929995748
707054933061794766801516946552531468809315028375156336000973509732422342384863919108420100
313571946150442833808309300375610966387893435469569866358290477082901596462065436966335300
208515346108838602301438981191207555914294108795560919635748065405888795534914989763833286
572891527042774435070733293141123186638576102749730251955432395299570997164201498316748554
223724439254680611783370832372936068285703144232214742722852005265942431979826388582183993
016375426262804034169918029718722206460182576980557974914883231692922317886074255273601721
058363264049567452730185178671224299513458907541120607779968358876003013768862433281621793
497983973561853805818637305686178125057971976144807095838348483690632150644344255859102010
021744929461773140297666205379082580315643718138096299919543307646714393458284293862677710
380288900794430093670390813461622746328702208001791385193887082028276763288940861997784144
817443156952365171040002596374881166603462044644635537930486276491813051907074927631815871
925242442836629450203244922296795533670621994848420166788462351278869382466068461480192866
191570814678814405342597671997860410354734951834342464366524868678251184599655389958182828
