77 83
219293#24#7T8881131306#2352916#7#0113038#2T73T0822#28283#T40948849902501#T12813T325
49178041101982#8488T7T#270598#2004#18721772491069149#73T#887#2#0T316T7762TT33295356
3091051#44#82291040TT2826##365999639#49700436586T890#5258283#94837624714#5#5#7#1401
76846T491169417T56#2591T092552T006878089127986751T76#953T7879##T5792#5300218901TT94
2T15006#T5T0291886006212#18139T5####09T2206497555550#T63#6423602635T0702#TT8535T022
0013#7#636T901721267645211831TT1338228052T76328486#2259365T#781T#95299##069389893##
548025#25777#80162052#39#45885051068652301T#9343591#88870248#424484256557899#504217
T93TT92T8T45649198T7368451518T86848T1202497#144342T01T4T394#84T886TT9201##4578803T0
884T322327123745869TT8634734T54T50882##8T02506#858T395T10552T103103833817#779T82TT9
73#874592T19061098833#T39033T15T546494632#1656T72#T9T00#077290064#T5349982810T829T3
0T43T3T50256#498#5511#13##351291058387891574T411TT6#T769#2304458913503269TT#6#04278
062198890061988700169358T806T7226943545T5336##14#3T86788893T851269T0172TT5924264984
84140T72653130#76698829T704391799821T13972#199##7176072393#64#05229#481#6015##40621
258#0799#214348397737806781##380607896437638506310963008041225604576499931785838157
55520446513481069145295556240769969227337447275325072964148756908450852357037599767
88949587540720675173392989885921207606568066971427807634844485128962382404385000639
68840013172668246606044454128297754514839611976136167231429907094154828892114862423
84499490235313053856442780406002530144729224880158228400820638477983642774782328368
73575832809110797243155471279144570552366371505527447666779770972119482100928270418
33703623899253135317379713383019395476732325857894595053799562951834683338755492650
32598629396534504174851072136895667185424260314946773544412575769920327973561199232
49765123352011045698873160919274497109112156607887784399449473034246341239881444221
51904300072204616992167708132022698410226302514315630619721411125793035566973217752
81322976976240061645508875865939188832576399912732302822803392462518821533520162190
79401547090893126414244768382607457467464776701828082382368362122018726020810846725
90168702684448602983956090678186424204082840051731538018962500555559062995644215333
58861740140829742966742270398501559468489275983721646453986392196118448545484120691
49872140375038014636248236332817142676236391557717141489786041701747944803565221100
57547452691662609376598226498875220042837329273456212290314392972076293632901227842
55207781444905976748486633132812753677445410734892606770759663426206157183196714384
25846601524999282233985682810861735021891335629703420940050085402449362612856984904
24762766926515847251226471783229846540045726145784239091010940845749214366913707790
72461751313064412469414613852290055896833485712763309606175270179834384832998100200
47666869509990911443213763957193771750556021345777127530051748906195790682331835381
79688295233099297051125550126108715912391306858546475208352480924052106088286105676
32904584360720704447049417451518348132569762551899588217603016898452318566637447653
44388468667202433102286945803473049087481835930577649325391453655259265537029263640
12235688425676854593522197598631989147310855583596069867489182939961686051987019437
14445786570764071068092181617945235914850294298990569878744568797423305013285822892
41793746395116511141341258393681398236015547102744441690711157152467487773083179368
35986408931995459859802689096430734821801910616014472037230810908221706147517003950
26164501755194626756684854998785932004964924920978897464747069110960191078732311207
18023297788866826751814720770963919938092732777923940876382516196239196669918984901
16203368578367135655342762078311488883534002565285857080372632506272285822301921964
11037357473352079272314078180888613281188205064696295223293743992352183701699030793
67726393062869726814569185741212200885701919604081375103338582181359922915587352370
37804260859192864749659535600208572930819936446618340248302273525034179644700305056
79098329018406256747007944306392746845102144720060459825808272846928047066064421533
16325807830683401999704165855530663687542142011396627970166581204397718611056841390
22834101792872186105659667681746836695712572082921652401283901583544457259372919153
15566225628741990616543583345197559476310460861319019621217604132122294749470671860
76464483197319525063957308302753257736678289024824195043972659043852668684630689053
95141435009889720788909277068355358586562686693394586581461746216049687524055821371
89637051768847406753016545645131046750324439804114029843802286524791912488889711727
22785074285157837437705257224510202478774261528973665113212855704374261452176585660
54198532583915207071803775209323586737101216607422295100841020674825282724933658753
53562687892899216993988868940142491029302230100990391557849419317146889810875815948
59308501119929247760917758298792041133305284123154702252434454896909046702869294577
03838446147685107965584312542223847770370415884738866218245425440808455041854375595
75411693622268801736329070525978583825846821589068018575737703897692604518545443169
97077268642447398477845726993688530602797162392054112918482160102192834794828569608
32893650606631026046528436331601169149034344524914553935778859762332675351619977446
07812339646379601761494615551642134590643992206618366559143352740072354555936574419
54723762320893288961835482514483271553298966531913538927054776683518471615480759248
22499286963678548204271410308515833128059599095296961329069397438499166183852675543
84051361917998252229156729716834035543132634095168818974739815006764348568621240351
80952939878370576000803420061022194995783794792859230652874635780300862251790965559
38293616910648205134089915113893200704138968775431516469193533634665714602363918689
43422045896488550168040673921953215061832472649634935374425758649669947899747558245
64339283718498550243870899131582942956331738488182417719409616871776573326336570619
11027906146315648080210561997844074972582110153875803573933068138311076508278021824
51724272873336844378937190952449878273537763513204162021619895504173732023794409775
90431006026620976320057239670874658187225639572913437887942844740802950093206425107
76322013017307213911182635186193647702902425176279561239006733983494593448590911984
03331307094943580862633758068560011305426597161448357803575088468045137233326812047
44007760306939066648797659534857969540642423998866249970577231915539906501335166140
36327637932602061195892260547023910445754061319333702088284671805600847754200944920
