0.000 0.000
-2230.493 7210.844
-11134.406 11433.464
-5183.742 -3685.746
2457.134 1750.250
9310.062 7023.815
-8563.974 6399.847
17635.277 -2922.206
-7185.303 -770.471
-2356.175 -16674.142
-19209.601 6763.284
-3131.174 7735.277
-6533.215 -12246.340
-1285.317 15122.271
13192.489 -4465.317
-344.258 -17506.131
861.183 -10894.299
-1618.031 12949.724
6931.102 5008.460
-13220.479 -19759.567
6815.018 -7750.352
-2695.677 -3946.543
7055.631 -16899.844
12560.717 -3022.692
4674.680 -14600.875
-9603.806 -5843.876
-17024.411 279.686
-19052.874 -9492.251
-10435.159 5213.975
12193.341 -2027.028
-7030.141 -1506.219
-8581.222 -11003.303
945.619 645.052
3884.095 -4592.596
10470.739 14798.420
1633.296 10134.506
3426.337 -11890.852
4494.799 7862.360
4755.803 -7440.834
406.035 10245.289
15038.858 12372.976
6519.335 7233.705
-3272.210 14569.690
11304.697 11713.611
16234.883 6800.114
-3897.908 -3834.999
7160.546 968.231
2153.512 -14593.165
1827.418 -8179.630
7672.329 10713.252
-3602.238 -1143.466
-15499.818 2388.905
5426.427 -1620.150
-3219.779 9529.636
4208.152 -10173.800
-2379.614 12051.968
603.318 10492.967
-13280.082 15504.921
14204.441 20414.014
-2877.746 -10206.700
2092.702 -11096.996
7366.534 2648.047
590.605 -8021.776
-6399.877 3865.481
-18433.775 3173.851
1567.439 613.167
1165.435 -4704.914
-16572.229 -8550.953
3996.649 7294.633
-6777.074 -16818.681
57.843 3299.102
-1951.141 -3937.215
-6648.383 -14657.310
1043.445 8885.368
-8438.693 -5176.529
-12068.263 925.095
4418.309 -7921.122
-6057.936 -5829.766
5481.622 4154.471
6875.315 -9859.703
2159.798 4568.411
7188.422 11959.956
-5773.274 -1855.012
6372.526 1893.339
-4312.613 -14159.495
-4041.084 11333.649
-7226.045 -3815.282
-4017.351 -7869.350
9917.936 1385.845
-12770.440 -8593.885
-1700.832 6745.861
-5289.030 -13049.780
-276.013 -6875.661
-11848.481 13136.070
7434.190 8891.116
-12090.839 52.907
-4086.123 -5148.378
2357.464 -6771.922
1850.634 3263.993
3446.472 -7629.782
-8071.297 3230.712
-1834.042 9063.564
5615.447 -1175.244
9002.991 3091.692
13327.666 1098.917
4953.116 -11195.063
6954.739 1796.106
2924.559 5755.161
13454.942 -16174.794
-3530.070 -24645.302
8925.763 -5998.766
-5775.534 -2702.042
12653.131 1542.496
7724.664 952.689
-3955.339 -6871.135
-341.114 -6272.168
3196.776 -15488.362
-17052.745 741.370
-4002.384 -7057.080
7953.243 -15138.276
-4890.920 -7907.266
2502.006 -3627.538
-3185.110 -7347.398
77.244 -8829.017
1917.901 10425.548
-10055.989 1808.577
-4873.040 15887.180
2940.658 -7594.871
-5418.902 9721.445
-16290.684 -36.096
3292.137 -9037.650
-2708.887 4195.195
8520.644 5114.962
-21307.211 -13309.598
-3819.324 -15677.532
19034.212 -19964.081
3594.089 -8957.203
-3140.670 -3483.878
-3052.895 6762.688
-12340.629 -12484.376
-5400.046 -20274.494
16313.270 -1149.199
-12981.325 -1704.810
-6719.942 -10454.868
7590.000 4966.395
2666.186 10309.922
-1770.021 -4204.970
-5685.501 -3221.467
-4193.811 -3026.477
2738.506 2189.130
-13225.808 -6984.276
-5069.974 4314.246
-6160.694 115.786
1297.899 -3355.656
-8641.740 10632.457
-650.172 1848.994
20.136 -3548.922
8295.631 7607.040
7013.159 7850.892
-5550.603 -11433.128
-2923.471 18635.808
-5807.592 13923.470
2347.459 3999.738
-2315.860 9622.543
-11635.107 -15627.233
9627.439 -6546.238
-10405.063 11552.762
5811.920 7767.051
3712.032 -19899.027
3093.866 23647.775
9333.472 3964.905
-8130.484 5103.420
-2067.476 -15203.938
3973.493 -1745.581
4296.816 14126.988
-13131.140 1440.455
-3996.428 -2619.642
-8027.746 9355.159
-4726.891 -8537.358
-3392.723 6117.469
-4364.455 -10668.358
-1160.847 -15884.428
-4045.365 -4749.193
-677.693 -14861.543
6880.242 -17049.679
-8537.472 -6955.375
4945.968 18262.028
6499.771 -2997.029
6145.313 -8558.519
-1715.344 1919.257
-5922.031 11551.899
1905.660 -7069.625
15695.753 -8416.980
-8102.480 3223.238
8469.036 -6552.255
-13999.996 -2582.535
10344.958 1501.380
-10275.900 780.570
10387.759 11195.786
10400.185 15775.460
-2125.350 -19203.683
2575.680 -6646.928
1830.271 6130.391
-13050.828 16626.943
8467.801 -6062.150
-1654.264 -4377.254
-16896.086 -1200.924
4346.014 -1201.067
3523.649 -6036.829
3565.276 -12991.933
5187.311 10725.366
-73.616 -6395.252
13764.236 44.278
-11919.201 -9450.876
301.313 -8632.668
2611.093 -5627.677
-7559.607 7512.714
-3533.649 4669.653
-14552.892 -6680.910
8275.187 10277.067
671.711 13158.799
-6463.631 -4059.235
9383.031 -14069.393
738.801 -13402.086
10902.827 2538.297
5795.126 -2452.880
-6263.442 2073.046
8223.512 4743.497
-13536.517 2096.411
2133.340 -7543.166
-15957.455 -1551.719
-11017.880 -13589.254
4077.119 180.766
-19588.139 -4643.574
2445.073 2731.686
11291.045 -631.238
-1478.397 -10589.947
-4984.672 10044.153
-615.018 10614.504
-5936.506 -21905.992
-289.163 -101.686
5998.639 -3346.057
-18644.876 4640.365
1747.598 -58.412
2933.462 -7188.802
3528.240 -16745.788
3803.094 11022.578
15943.053 7151.631
8201.204 13224.809
6021.480 -9442.990
-4233.912 13045.029
-6793.150 -3257.154
-6698.232 -19789.063
5128.030 -10781.748
-19101.528 -27.225
-8282.531 578.108
-13498.971 -12347.150
-3712.664 1511.852
-13486.370 -8044.110
-1418.423 -11087.205
15897.022 4611.579
12237.383 2925.195
-1085.403 9900.202
-7832.859 21794.625
-4200.733 1966.745
11212.520 -2339.196
2822.912 -4598.464
-2589.571 -10807.450
-5180.255 8037.128
8294.112 -7146.456
5171.604 3366.174
-1915.215 1980.489
-7751.542 -19170.904
-6633.695 6255.834
-9134.239 8578.894
6407.276 -6538.831
-5241.368 -923.859
4105.323 18681.233
816.687 -14072.204
-1110.328 -7014.874
10538.168 26340.076
-15389.321 3904.631
9031.163 -8901.165
4895.485 3546.411
-4438.416 20780.825
-14105.626 -18165.042
8395.208 4440.392
-18193.547 3298.259
8650.564 10997.188
14200.818 -774.922
5159.121 -6745.513
-1759.238 1286.138
6874.766 12374.264
-754.653 14465.088
-10516.981 947.132
-13340.206 -16909.799
5274.771 9994.123
-5274.954 6740.967
-9462.613 6273.986
13583.819 1010.677
-9486.451 19275.515
4093.579 -13153.295
9616.067 1188.540
19300.698 10103.508
-5090.374 11185.850
15715.587 -6459.984
-6096.508 -3593.288
2156.628 1587.511
9125.115 -26250.535
-17039.938 9090.264
1856.598 3026.926
1284.203 -7243.964
22501.133 15759.377
319.418 -11556.729
7219.023 4674.702
-5029.679 -1992.909
7235.695 28615.075
7856.479 -16814.983
8651.433 -658.275
-576.280 -6317.825
-16416.761 -10398.182
-9019.768 -6051.541
7410.139 -1819.607
15559.021 -3293.643
13490.592 -15921.546
-4241.950 -3645.980
-697.337 -19053.130
-24247.413 8375.684
6760.630 -2941.732
9975.266 -10044.267
-1645.475 330.250
6318.498 1890.963
2414.656 -95.411
-10464.468 -3338.066
-3586.898 -18214.676
21772.997 -12739.457
-4729.291 -6693.603
2484.999 -8304.477
-6115.398 -8315.928
-17264.820 19460.997
402.743 9387.271
-1840.019 -6392.920
24459.875 5457.355
-12780.499 -10320.577
3420.849 -22477.970
2738.071 -9649.706
-6232.110 6527.717
-9097.729 14568.118
-3875.915 -11659.008
-7928.693 -2094.106
3581.140 6134.671
10305.770 -15213.776
4260.893 -11664.950
-2752.197 -3312.133
1788.010 9137.295
-6679.819 14295.086
11250.552 9029.913
-13489.896 -11740.484
7810.554 14355.951
-17382.003 5431.744
-16830.682 -8490.101
-2601.609 3157.584
-3024.204 -11561.008
9802.595 13404.541
-3249.584 16554.181
2460.862 -22970.688
3977.310 -5514.148
-8270.582 6305.743
3500.756 3939.240
9277.095 -8099.392
-5590.969 -8170.224
-9678.597 -740.396
-6371.913 12389.926
-3360.826 3902.967
-18099.818 -6062.062
-4221.881 -4417.642
8238.018 1402.284
4586.537 10487.492
-12768.528 -16645.968
10479.673 -13048.538
8915.324 8691.727
-1726.991 7915.520
-6580.284 -6529.037
6746.575 5264.450
10429.885 6707.638
-20660.159 8184.440
904.134 -13410.068
-5296.841 -7264.903
14895.510 13865.291
2507.423 -7315.523
-1761.033 6771.714
9569.667 -4384.469
-9482.774 -7663.554
4025.502 9070.290
-5235.709 660.922
-533.397 -7299.310
-14577.073 -4075.793
-7599.749 -6337.950
1470.058 -9638.806
20993.597 -5304.832
-11760.935 1184.538
3122.428 3249.114
9262.129 -17407.447
684.157 -11969.725
-2699.464 -6412.091
-14473.229 -12110.676
-2826.558 -5934.674
9171.961 13162.908
14679.763 20822.457
8671.180 13229.152
9267.904 -1678.616
-7666.753 19916.255
-14310.879 -10858.378
-6169.391 9242.144
-1285.626 -12304.243
1366.670 -3885.408
-4704.961 -786.189
-1837.819 5350.677
-23866.986 -18927.727
-2258.861 4585.557
-3014.976 6414.777
-15315.464 -12319.171
-8105.044 -3472.343
13184.031 -17039.331
-18338.466 -10327.250
8181.502 5214.905
-9035.032 -6664.227
14558.225 -3036.797
8048.901 -5438.641
1441.740 4904.454
-1489.870 -5726.455
15167.758 -6125.080
-4258.404 10572.399
-7105.784 3086.283
1239.308 24229.493
3034.537 -18962.103
2083.185 -10607.652
7116.132 -7804.684
3074.191 -13609.995
-12716.410 -14351.716
14727.961 2926.611
4992.631 11021.234
-9350.992 -5736.343
-3685.956 -11727.955
8055.312 8161.779
15496.262 12375.891
5577.194 -1274.462
722.623 -6339.553
-7065.171 -20411.717
-8925.216 -7921.946
-4373.319 12177.828
5156.283 -6234.567
-3175.873 -1341.048
-1700.265 3340.683
-11071.578 -1239.258
-13990.834 2683.447
-4124.863 -4425.775
-9650.178 -1310.223
-6316.830 1413.790
-5966.117 5073.885
2215.185 -12047.487
-1436.980 -5493.520
7416.230 6206.308
3466.986 -7773.671
13924.644 13395.004
9024.411 -11472.918
9983.508 10214.809
-10344.776 8191.097
-3286.602 19041.425
13220.582 -10849.127
3468.283 -7005.417
-4659.750 16838.448
8031.465 -7411.630
4992.062 3300.819
-14612.703 -13203.010
-4461.410 7029.773
2130.682 -6253.382
-4110.815 -11122.595
-12885.173 -2859.670
9540.930 -2082.243
14477.546 1599.396
-12960.236 -10760.636
-8732.954 4045.361
-645.329 -2589.046
-6387.900 -412.523
-3482.134 -4109.228
-9612.438 26349.384
9351.107 -18398.177
3571.869 -5196.001
5412.133 -11583.609
-5873.334 5118.425
12578.208 -8596.086
-3910.787 -838.354
-370.652 4783.661
-2997.079 2933.986
7518.910 3651.633
8726.450 -7632.349
9505.784 21868.001
20521.898 -12938.442
-10453.987 4079.455
-7337.761 -5405.080
7137.595 9679.285
5817.425 -1213.947
13910.192 -8642.116
-2989.939 -10085.163
489.785 2309.117
-7090.704 8813.964
-6223.168 -16577.883
-17259.426 -20295.214
710.115 -6538.623
-10266.714 -14680.146
4783.041 13595.687
-1192.473 13947.925
-6820.543 3483.049
2557.406 -4617.805
14867.072 6334.282
9078.166 9090.066
-9909.517 14135.999
-8615.106 -14732.261
-22902.451 9258.349
7094.020 -16589.100
-18915.477 1072.938
-4898.399 8493.530
8871.987 -1693.810
-4714.622 16215.472
8539.271 -8449.654
3968.100 -7216.030
1751.025 9126.686
-10391.112 5833.768
4934.831 -11689.852
13107.417 3508.673
9699.682 -7283.989
8284.021 -2663.599
-7297.012 6023.991
-16058.672 667.620
12641.987 4233.639
3899.946 -11665.495
3986.788 -1522.946
-9297.178 12806.729
6540.689 436.020
-999.289 8099.606
15789.067 -9434.135
-6773.273 18802.819
7546.947 -3398.383
-3311.016 -2047.336
2743.903 -11693.878
1107.890 2175.516
-16422.350 4679.149
-2729.517 3060.084
-2227.467 -6995.293
-15771.954 -5059.311
216.344 3660.603
-8070.668 -1653.297
6017.790 -4210.562
-324.535 -12523.509
-8615.851 -4292.264
8864.379 1961.896
150.410 -2888.835
4153.162 -11864.687
11761.382 -14687.847
-4089.162 10394.484
-11029.680 6676.795
-6186.361 -6930.969
2398.833 -1681.741
7932.158 -792.190
-5184.809 91.901
5598.320 -1322.144
-4249.647 -8201.495
3595.904 7846.783
-1107.409 -4387.546
-7285.841 -6162.737
6567.950 -4927.645
-10404.553 -9403.099
-16751.199 2967.220
4981.583 -2296.923
-21271.209 1700.799
-18175.911 -4772.970
1211.640 6977.044
-19878.176 1967.744
9225.552 -7889.833
-15291.217 2923.066
2827.032 4651.695
12974.560 7528.926
-13921.161 -13779.331
-2425.851 5481.059
-5849.678 13680.319
-13921.794 -5523.967
13595.531 1651.072
-17172.741 1134.198
-15219.344 -12230.402
8908.984 4823.491
761.328 7912.334
2842.583 191.506
-4245.360 -11622.221
-7732.392 -7527.563
3597.751 -14952.122
-12912.022 -10631.277
-22523.842 259.741
-8702.720 3389.196
-1170.980 -6442.011
-20699.743 -6089.081
-3676.345 -1081.117
13338.156 -1371.439
-15596.373 2910.376
-8886.956 9578.437
-19047.039 5886.156
103.492 -12569.343
2465.661 -6981.971
-6567.111 66.514
-15491.402 -11523.241
-4045.252 -16794.525
-4823.347 7664.391
2352.405 -202.802
2906.553 -10763.803
702.116 3759.375
-21515.485 9514.071
-1504.187 -11731.766
-4822.267 6407.454
3058.933 -514.745
-20333.221 14658.930
-7767.267 10585.477
-1022.140 532.948
388.553 -15850.829
4330.173 -7953.350
3789.934 14.004
-1613.239 6020.003
-8886.769 -10225.941
-12811.894 -8811.641
4639.102 -18132.048
15503.954 916.802
-8992.231 174.735
-6786.663 65.611
-5496.279 11020.951
4487.713 -1784.662
-938.491 4931.320
-4343.093 17935.438
8527.317 -10105.110
-7365.938 -6598.625
12904.260 15525.259
149.856 3805.764
-416.407 -1451.895
8148.245 15127.236
-2162.576 -9219.134
7792.495 -15722.500
-11801.979 -6150.170
8708.297 15435.318
3597.324 -14392.465
13099.079 -6049.547
-9119.308 12391.780
1211.877 -10.068
5609.493 -547.024
1184.088 12659.159
-214.787 729.009
11932.099 3213.809
-10435.795 636.252
-17303.950 3785.319
5462.539 4306.134
-12425.767 3934.549
1359.694 10324.527
-4845.421 2640.952
4856.092 -1239.051
-6546.721 -15606.383
2811.696 -4110.639
3498.357 -1086.349
-5402.793 305.488
-14675.441 -4890.023
6133.313 -4467.749
-8802.938 -5649.718
-2204.450 14190.957
-9219.058 -2230.848
-12538.004 -3215.880
-12442.337 -3618.970
-16890.783 -5009.012
-11618.169 13095.210
3229.427 8179.691
10157.069 -2581.482
15946.271 -5884.044
-694.010 7814.277
-7879.830 -1553.462
-23741.119 11107.239
-395.541 -3499.486
-14126.250 -12258.580
-10595.633 5690.229
3089.511 2747.928
-6049.144 -12488.938
8698.161 221.585
-3270.766 5276.315
-736.987 -1064.813
1927.862 6064.720
-560.930 264.214
-6178.013 -9812.497
-8439.457 -9787.042
-234.953 -1063.353
1844.769 3959.173
-6232.189 -282.736
-5374.021 4739.233
1906.880 -15466.733
-8077.586 -15247.914
-18841.301 10660.853
-17784.630 -7124.217
-12686.590 9206.371
-3262.983 -4084.453
-16151.727 -9238.512
-6569.164 13590.564
-12084.653 26824.919
14702.698 10120.171
-10409.264 -649.084
8099.367 -14278.920
19574.944 -5163.597
-20505.504 -13685.832
13981.374 -5718.188
-1842.719 15455.338
-8118.416 -2607.304
5303.767 -6194.308
-3830.599 -973.009
-4908.540 -4007.698
-10415.377 -7444.720
7598.117 -2.587
3129.693 -16226.518
-12151.158 -11675.070
-14312.892 7939.473
-6754.793 7580.355
-17411.098 -12658.888
-5324.301 -1424.655
-12862.031 -6122.599
-3534.949 -725.610
9751.918 3601.026
12526.473 -3871.189
2714.729 -5601.197
-4160.469 8683.678
-788.327 3298.371
-417.840 -5340.042
-11673.886 9300.191
-10767.788 -3316.785
3768.091 -13277.546
-10820.989 -20312.875
8338.152 1469.345
-18112.515 20002.474
-7252.369 17510.326
9771.875 -14671.701
-5273.571 -6304.990
1814.463 14358.251
-16013.218 -27.084
-6609.354 -2896.234
21218.726 -1778.416
-16324.750 11615.558
19966.494 -7049.651
-12836.136 13379.523
1495.297 7731.682
11351.713 912.540
-5543.050 2299.626
5503.869 12704.160
-5913.225 -3358.248
-15657.394 -1066.018
-7121.881 2508.175
-9110.596 -18148.224
8633.862 18335.353
-18205.387 -20829.225
-11313.481 6828.467
-7177.568 7800.696
-7940.519 -4599.047
5217.029 13243.784
-20057.656 -6831.080
10939.693 4533.493
10028.128 -15987.417
-3499.669 -8775.795
-7003.255 -8393.833
-20089.548 -8572.536
5872.462 -2508.354
10770.209 -13712.760
-2228.569 8547.272
6358.286 11284.973
7770.189 3013.129
3386.658 3896.244
-6646.250 -3097.027
4601.461 -22204.369
13168.348 8279.824
2941.823 -4976.236
-6555.607 -4749.170
-10564.703 9069.335
-10441.865 3362.017
-5782.103 6109.386
-10033.176 -8547.592
1823.132 -16024.320
2593.911 18937.176
9084.813 -10993.762
-6688.520 8849.808
9905.003 -15978.732
7432.145 -1210.083
9094.836 -12778.785
-16480.399 -3373.426
-141.479 21061.539
-10934.808 -706.454
-1505.677 2163.718
13912.049 4214.411
5510.832 -6634.687
2570.636 -24452.924
3263.000 2385.133
6034.750 -5389.920
-14083.526 -18273.905
2040.313 -8204.873
2249.118 -10018.884
15909.315 -8213.422
7541.483 9045.669
-4759.012 10112.456
22230.953 5385.909
-12444.120 -8599.474
-8608.955 12246.707
6.745 1011.513
3614.623 -1371.901
5913.225 -1925.719
13009.029 -14185.237
4305.374 4490.813
-14746.379 -10845.580
-2284.531 1153.033
-5519.998 -15713.411
11695.793 5365.619
-1775.977 1163.841
-18339.608 6158.997
-22834.458 9383.645
-6135.906 -16839.966
1728.706 -10358.994
-14697.784 -5323.401
-2751.318 13111.442
15227.630 -9150.920
-8141.584 4722.470
-5206.825 -8000.707
10986.912 103.764
506.043 -8275.504
-13482.186 10710.002
-5040.034 -2457.165
20719.114 13859.009
4935.701 1422.066
-524.668 -17507.284
2517.363 -14925.628
36.502 5443.159
-19209.346 -8448.665
6574.346 641.542
-17009.065 -3674.535
-24212.568 2259.548
-7309.472 10795.030
12953.430 5934.055
-12379.785 6994.440
-10401.972 4808.593
11178.189 483.592
-5455.204 11273.407
-13981.008 5755.735
3201.577 7847.712
13319.215 -4.910
7477.682 -4740.373
-6219.669 -535.448
-10456.795 8151.377
1730.545 -4261.351
-8867.213 -8027.340
5370.524 13278.253
-14249.576 -2994.704
15421.615 -6742.952
-16139.130 4875.164
-4516.063 5667.059
-3985.658 13714.230
9874.094 -5978.616
20904.814 10226.645
5943.820 -18862.252
-15774.352 -7903.197
9303.662 -9536.047
9297.892 -773.512
8306.920 -3194.197
-1685.995 -8363.367
-2695.458 3696.765
-19403.246 14171.630
6706.865 -260.440
3969.586 -11114.382
-4054.038 574.989
-8959.963 -10852.997
8278.709 11727.997
-9128.840 -719.448
9584.948 9183.501
3882.674 1725.550
-7570.872 4462.195
12332.736 8775.236
-7048.890 -10117.060
10539.838 6695.108
-6287.945 6187.646
-16967.453 8548.275
2020.967 2583.949
9283.237 -10029.129
-2167.322 -4449.601
-5109.406 -9649.638
2627.310 31.536
-10464.063 -5400.186
-23365.598 -281.950
-846.786 -7441.592
-14555.995 -3988.694
7978.034 -1252.856
-13494.473 -11317.630
-18226.808 6216.672
6232.741 -15799.382
-11668.210 -11709.496
-8785.209 -11459.426
-19764.198 -11990.041
7521.576 -7440.613
-9519.850 -8137.007
2409.669 -13157.741
-6742.066 -5740.474
-1954.253 8242.928
-955.128 -12872.360
-2312.033 6712.296
-7034.880 -17259.317
-9528.027 9725.107
12804.899 -1932.461
-11297.259 -3420.254
4824.133 9603.818
4655.578 5651.381
-2707.149 3431.205
6271.186 5625.530
-10907.873 -15027.040
-8945.566 1348.886
-4069.802 -20584.887
2890.754 4352.369
-832.612 8412.417
4817.780 6698.487
951.682 -11053.898
-7148.654 -11086.470
-11094.649 9223.752
-1436.362 -9266.608
-12700.895 2543.025
-3561.739 -1043.934
5101.919 -15412.367
-1307.697 -8753.047
12031.987 -5221.507
-3922.551 3150.538
-3397.484 11983.530
-1303.660 -294.564
-14353.646 12516.870
15252.311 1038.715
-3794.907 3503.908
3859.944 -4939.244
-12573.029 -1205.368
8757.531 -4335.822
-1548.360 5576.974
914.153 -4886.957
7072.225 7700.777
-2486.218 3994.125
3468.701 -5036.771
-10890.189 -583.403
-3560.092 -21306.710
-132.152 -14315.384
-8020.099 -21296.020
-19572.559 4504.774
748.862 -9429.751
-2469.995 6135.642
-11299.792 -10217.380
-9183.879 -8124.448
-15597.830 -12218.350
-4168.823 8952.508
-2554.266 -15940.181
-908.821 -8561.440
-448.015 -3970.740
-24387.105 -11372.902
1488.913 -7223.198
-2905.023 -8307.003
-11383.381 -15582.948
10661.565 10030.217
13757.228 -3159.653
6470.441 -10305.564
11252.315 6052.856
14360.830 -14657.201
-11794.145 11309.459
7824.774 14828.784
1783.761 -3663.111
-3400.484 8957.060
-16999.509 1755.171
-5874.566 -940.896
-20240.970 735.117
-6200.791 2297.340
-2040.958 177.586
-7275.706 1607.731
4845.914 -775.250
-1825.337 -1028.027
8351.634 -1718.410
5963.481 -5831.658
12467.908 8820.695
11349.363 -5069.511
-1115.272 -7533.897
5469.798 -4103.731
10103.868 -1227.867
14004.226 -3662.923
10.468 -2898.570
-1555.126 -2978.054
-9672.396 -23222.189
-3850.416 -7087.593
3619.010 -3925.359
11869.653 12285.613
-2480.234 5592.808
10982.185 -4354.137
-2060.782 5900.392
13179.210 -17714.230
-27573.136 -1728.897
-8803.929 -2528.376
-7359.669 12017.356
-9283.082 -3902.484
1225.196 5422.293
-4823.996 -5669.462
6106.557 -3356.335
3665.072 1366.846
-548.187 16609.781
9440.557 -2206.256
-2002.800 -4787.947
-3738.183 13136.913
-11234.824 -9958.133
1068.826 -4331.406
-10589.047 1142.364
-3357.654 -2951.153
10233.504 3595.473
5574.599 21357.038
6209.955 -425.164
-1077.151 -6632.401
-13896.303 9832.896
-9571.426 846.926
-13591.309 -8026.326
8719.510 -4788.164
217.529 10225.741
11281.523 -880.004
2221.103 -3112.704
-8215.004 -6548.242
-6821.238 -6022.154
-8985.914 -939.960
2822.630 2060.049
-9469.782 4942.228
1540.425 19586.557
-15197.686 -7792.413
14603.440 -11444.847
-3739.527 -10598.742
9104.939 11258.665
-11026.792 1285.970
-18713.281 -9108.847
15488.847 -15761.097
735.848 3591.574
8310.784 -5774.260
-4295.868 -18717.273
5519.989 -13727.650
-2573.722 -9076.361
-12763.765 6563.194
7808.236 4632.738
-280.179 15722.240
-2515.827 5935.187
-10819.599 10671.652
-8192.324 -9004.881
-24545.592 4372.809
914.608 3924.793
-4603.818 -10840.954
4529.026 -3959.840
-3766.237 9340.813
6298.537 13548.600
-3557.980 -5741.042
-6968.684 -4579.500
-22439.628 8017.048
-19711.030 13181.836
-11225.834 -4945.400
-23359.210 -15509.620
5508.335 466.180
8977.560 -5176.535
23561.935 -5577.569
2304.931 5771.282
-529.871 -22719.527
7320.689 -4821.411
7991.876 -18362.420
897.315 -1862.748
-20766.540 -7340.491
873.882 -14576.514
-16877.689 2018.748
16540.659 -511.944
-6950.253 -7665.267
16981.899 -18981.713
-6454.699 -10349.531
9886.090 -12021.111
-419.116 2988.656
11645.395 14143.539
-15527.868 4233.517
11288.176 -15074.252
14251.374 -5599.268
5230.033 10719.846
17552.232 -23984.624
-12151.072 10981.199
-3173.320 8854.403
-3836.054 5002.785
-4240.280 -4475.348
-10721.679 -6650.493
-21806.391 -10136.545
-5080.731 -1393.146
-2056.646 -20305.267
4819.020 1282.906
-8416.194 4128.552
1553.491 -4808.100
5217.420 -13956.558
-5963.807 -2658.673
-12810.844 -7412.930
14094.202 6474.172
-12687.718 144.715
-7678.237 -14378.237
1397.862 -4604.160
-19190.200 -10964.735
15800.715 -13104.350
215.704 397.266
-8721.717 -2033.065
13648.402 -13152.284
-4999.869 12049.408
-1129.541 1871.071
5751.073 1224.565
-7649.832 1139.030
-17295.856 -5462.780
-11529.017 7736.592
-13209.854 1861.651
3204.355 -4119.478
7300.759 -2610.636
-8907.416 -7760.286
1405.877 -21344.161
576.609 -1200.515
-709.584 647.344
-9672.729 -2654.876
12450.385 -9903.759
14651.375 -737.168
-4658.936 12001.281
14393.516 2483.775
4581.609 -498.006
-11000.071 10775.024
-6330.270 -10807.516
488.250 -4980.797
-4877.324 -9414.872
-11243.438 12505.995
3169.088 148.154
-3052.408 -2671.565
13525.955 8765.270
-9557.007 -10723.551
-103.191 4645.947
-11563.731 -2.926
613.249 23185.765
8638.441 10003.372
2407.167 6194.050
-12261.088 -5033.081
-2898.292 13095.747
-13745.555 -7392.219
-12050.198 -20556.806
3068.412 -23408.850
-10619.578 -14677.864
8768.804 8130.390
4488.608 2822.256
-1293.322 3303.671
-13810.478 -9974.686
4780.865 -6635.592
-4323.745 -17143.157
-4136.159 -11879.760
-12939.205 7776.813
-7365.784 4651.470
17040.594 4439.097
8216.293 698.379
4191.986 -5910.356
-1910.904 20022.579
-1742.675 -7531.832
-16706.725 -2978.688
4648.750 9307.360
1948.608 -4036.126
29.846 -9809.729
-5956.054 -13075.110
14.445 6583.196
6351.596 -4695.114
-276.704 11993.332
-17436.804 1003.073
296.332 8470.115
-2316.793 -7002.693
7100.429 15684.100
12096.589 4385.610
5010.753 3589.349
-1029.702 664.697
-7942.388 -22467.927
23016.799 678.441
1123.966 1422.353
-4491.525 11447.008
-2037.732 -2428.444
-1091.846 -619.095
-3971.093 1460.423
1798.008 -8137.969
9231.928 2958.672
-8264.113 -4589.777
-2822.643 -14274.697
-3132.678 -2276.606
3825.271 6979.113
-576.442 -7415.329
465.592 9407.325
-6931.928 -3471.094
-2514.581 -21796.744
-16876.007 -13360.333
-513.453 1161.451
-8576.385 -9137.415
13063.223 -9504.906
-18763.002 5987.243
265.483 3172.486
7046.742 -5974.924
-8645.289 2940.586
4432.933 -13728.886
799.670 -11989.754
441.839 -22731.880
8476.525 12468.348
-6036.444 3223.405
-16461.846 14251.595
-8265.747 -10829.187
-5526.116 6452.489
-12012.933 740.241
12789.566 -3721.272
-12474.917 4851.265
461.627 18767.438
18652.757 2304.829
-10826.879 11722.854
-828.330 -5622.063
3364.910 4534.486
-3964.533 1260.020
84.093 12148.153
19759.661 3239.243
6730.247 -8191.346
-3920.886 4052.420
-2085.225 -13824.983
-5220.115 -14789.000
-3050.818 -12485.781
12323.077 -166.535
2268.303 -6324.629
-6326.996 -2092.969
-2676.913 12486.323
-9545.489 11558.829
-7954.051 -703.785
12070.353 -13558.325
1398.381 5297.074
3592.064 -9550.890
8388.242 16854.146
468.088 16717.241
-4383.428 2819.549
