100
100 49 85 66 55 66
17 38 59 67 50 35
56 75 86 25 60 78
30 31 14 2 39 81
55 25 28 53 14 54
21 89 24 16 86 18
99 76 56 56 14 31
70 16 73 69 3 28
37 19 42 40 85 77
89 40 62 29 34 95
93 82 76 91 99 92
34 13 49 48 82 20
38 13 51 93 56 66
15 34 68 71 52 91
22 63 35 96 23 27
97 36 69 18 78 14
92 25 75 43 89 70
95 10 91 11 46 81
92 21 63 72 52 66
61 86 29 82 89 11
7 95 17 36 66 74
42 88 1 90 15 1
7 12 5 87 75 46
69 52 66 68 97 6
28 39 40 19 45 28
70 53 14 13 68 22
31 46 9 28 90 4
48 79 26 79 82 48
76 60 4 97 36 99
92 53 16 61 26 13
60 38 63 5 1 54
79 37 24 74 24 58
50 32 99 17 49 28
19 92 20 80 41 81
64 52 96 23 41 30
3 69 67 61 54 78
27 52 54 92 76 30
6 57 10 65 37 20
88 75 71 43 48 10
76 39 81 47 100 30
31 20 65 59 50 90
14 50 4 63 32 8
39 75 60 87 50 1
32 8 68 1 40 27
75 35 27 39 63 62
23 27 86 42 15 46
60 16 32 40 75 20
83 31 34 2 98 99
50 53 80 82 39 95
62 26 62 92 5 66
17 96 81 22 30 33
91 43 34 11 11 48
58 33 6 6 87 48
98 81 99 72 93 11
65 64 99 24 67 95
99 16 27 20 60 96
26 11 16 54 90 73
33 82 26 61 15 3
45 64 7 30 87 44
28 47 4 37 16 77
79 29 79 3 84 69
75 66 26 33 52 71
13 29 42 66 75 17
51 13 56 76 61 85
40 39 80 30 11 10
12 77 22 10 9 75
5 25 71 71 82 51
62 47 68 48 86 30
48 38 71 38 85 39
95 87 81 30 96 74
24 24 39 43 50 17
90 69 12 96 64 15
47 68 17 87 47 29
99 36 97 37 68 11
18 45 35 76 22 46
89 23 87 89 26 29
93 67 51 3 87 25
63 86 97 54 4 69
83 91 54 92 34 77
64 54 96 94 35 7
16 78 68 51 73 9
79 22 22 12 65 99
100 66 87 41 17 99
57 49 47 47 26 38
69 71 9 92 38 4
18 71 38 23 12 70
66 48 77 63 100 14
31 74 73 78 2 69
92 37 28 63 18 20
11 23 64 63 49 36
82 88 22 86 59 88
21 47 99 99 96 90
45 95 61 23 54 11
51 75 94 86 34 70
3 30 68 68 8 44
59 65 7 35 23 17
8 9 67 94 27 13
8 71 62 66 42 24
34 17 14 81 9 35
33 75 56 3 41 78
