Case #1: 0.5833333333
Case #2: 1.2000000000
Case #3: 0.5100000000 8.0100000000 8.0000000000
Case #4: 13.5526315789 4.0000000000 3.3947368421 2.5526315789 0.6052631579 1.1904761905 3.4642857143 11.0000000000 14.3947368421 4.6052631579 11.6052631579 2.9473684211 2.3214285714 13.9473684211
Case #5: 1.5000000000
Case #6: 0.0862068966 2.3684210526 1.1111111111 2.1111111111 0.8611111111 2.5000000000
Case #7: 5.5000000000 2.8250000000 10.4702261307 0.0069444444 2.2202261307 5.1857142857 2.2590909091 2.1750000000 0.8181818182 0.3952261307 0.3500000000 1.1750000000 9.9452261307 2.0500000000 0.9069444444 0.6857142857 6.5702261307 0.0452261307 3.0840909091 2.8702261307 3.1569444444 2.8090909091 1.6500000000 1.5750000000 1.6952261307 1.4571428571 2.1714285714 8.2500000000 8.2952261307 1.9393939394 0.9000000000 1.6202261307 3.1500000000 1.9090909091 0.3000000000 0.9452261307 3.7000000000 4.6500000000 2.4357142857 0.3452261307 3.4840909091 2.0857142857 3.2607142857 4.5000000000 11.1202261307 9.8702261307 1.6666666667 2.5142857143 2.2090909091 0.9428571429 2.9857142857 5.5069444444 8.5952261307 0.9521705751 3.7452261307
Case #8: 41.0000000000 0.2373737374 0.1224112786 0.0307692308 0.0165289256 0.4080000000 0.1058823529
Case #9: 9.3763440860 3.0000000000 17.2222222222 8.8888888889 2.9487179487 21.0000000000 20.1904761905 11.7777777778 12.6666666667 21.8571428571 13.6666666667 2.1904761905 3.7096774194 2.9047619048 10.7777777778 10.7956989247 1.1282051282 14.3333333333 2.8709677419 9.1827956989 21.8095238095 5.8461538462 1.8387096774 1.7692307692 18.0000000000 3.5882352941 0.1428571429 20.9047619048 6.6666666667 5.5882352941 5.1904761905 3.4285714286 0.9487179487 12.2222222222 6.2380952381 6.1282051282 18.1428571429 5.1290322581 5.0000000000 2.4615384615 0.4615384615 24.2380952381 2.3548387097 1.6470588235 1.9487179487 5.6666666667 15.8104575163 8.0215053763 1.0000000000 3.5161290323 8.5376344086 2.6774193548 3.8095238095 7.5053763441 3.0000000000 0.8461538462 3.8571428571
Case #10: 0.2380952381 9.0000000000 0.3311258278 0.2465753425 0.2739726027 4.0282686850 0.6461943210 3.4824630750 0.6190476190 0.4114285714 3.5238095238 0.0952380952 9.1733333333 9.2465753425 0.6050984306 3.0780952381 2.9047619048 9.5777011703 0.3150684932 0.7557833621 0.5777011703 0.7923809524 3.7703848663 0.1733333333 3.6971428571 0.2685714286 0.4246575342 3.1513372472 3.8549353516
Case #11: 11.6543992730 7.1818181818 6.6019517206 4.6206896552 19.5512820513 2.2578475489 6.9090909091 19.4749120936 19.4184149184 0.1543992730 3.5172413793 19.7056813243 3.4285714286 14.0979020979 2.0512820513 5.2490842491 4.5567765568 3.9310344828 14.0000000000 2.9285714286 17.5979020979 16.0979020979 3.3793103448 18.3974358974 6.0909090909 0.8974358974 1.8205128205 5.7515473033 2.2564102564 17.5000000000 2.9850686037 19.6491841492 18.5518351705 3.2727272727 18.4953379953 4.0000000000 0.9285714286 1.5897435897 5.4798534799 17.6543992730 18.6282051282 1.1282051282 1.6876456876 2.1034482759 11.5000000000 18.7261072261 11.5979020979 1.5897435897 16.0000000000 6.5454545455 8.3100233100 4.9310344828 2.1599454510 14.0564971751 9.2331002331 18.7826044012 2.5384615385 19.3205128205 4.3260073260 2.5714285714 0.0979020979 0.0564971751 16.1543992730
Case #12: 1.6250000000 0.9642857143 10.6363636364 6.0000000000 0.4444444444 1.9172077922 3.8181818182 4.0909090909 3.5500000000 5.1428571429 0.9444444444 3.4545454545 2.4754878629 5.2142857143 3.6363636364 7.9863636364 2.9444444444 6.3707418236 13.7142857143 10.1118514993 8.7676956551 2.5250000000 7.1863636364 8.8181818182 4.1118514993 13.4995138369 1.4653868528 0.0209424084 8.4754878629 4.3500000000 1.0000000000 2.4642857143 2.4545454545 13.2073060447 3.6573060447 1.8181818182 0.2922077922 0.9000000000 0.0785340314 6.0785340314 10.4040592915 1.3571428571 7.3333333333 0.8571428571 0.1256544503 6.2922077922 3.8391242266 14.0073060447 13.6428571429 1.8500000000 10.8181818182 6.3131502006 1.5000000000 2.3928571429 2.3214285714 8.5000000000 6.0209424084 14.2995138369 4.0000000000 1.5750000000 8.0073060447 7.0000000000 7.2073060447 1.6785714286 10.4545454545 9.6573060447 0.2777777778 9.9495138369 2.1666666667 1.4444444444 1.1666666667 1.6666666667
Case #13: 0.1438356164 2.6609740670 9.0000000000 0.4657534247 2.5588235294 1.9923204649 0.9864864865 1.8484848485 0.1021505376 1.4522399111 1.1303221029 2.3142382731
Case #14: 0.1416666667 0.5531914894 1.8877134565 0.2857142857 2.7226555414 1.2091420279 1.5135135135 1.5604933793 0.6785714286 0.5000000000 0.7255512943 2.3513513514 1.3202380952 2.6756756757 2.3983312171 1.1621621622 2.2631960820 1.3172501360 0.7142857143 0.0814814815 1.7021600460 2.2162162162 0.0469798658 1.6551801802 1.8307636496 1.1785714286 0.0531914894 1.2702702703 1.7837837838 1.5135135135
Case #15: 4.0000000000 0.0200000000 5.5484817115 11.7453416149 11.0000000000 5.2012987013 3.7777777778 10.0000000000 2.9090909091 11.6583850932 5.0505050505 1.2413793103 4.9397860594 6.5479170588 0.5517241379 1.0807453416 1.5833333333 1.3540372671 1.1388888889 5.3326118326 3.6033333333 4.1944444444 3.8780663781 4.8560606061 5.1818181818 12.0807453416 5.2951897861 5.3533333333 11.6335403727 6.2125133321 4.4235209235 1.0689655172 2.2751897861 1.3793103448 5.6179653680 0.5590062112 3.7977777778 2.5484817115 6.6987107096 4.0200000000 12.3540372671 3.5000000000 3.0000000000 0.7096551724 12.1552795031 0.4782608696 4.2727272727 6.3633069829 5.5684817115 3.7272727273 0.7777777778 0.6583850932 0.6896551724 1.8247126437 5.4671717172 5.2751897861 0.7453416149 1.1944444444 5.3333333333 0.6335403727 1.1552795031 2.4230027843 0.7639751553 3.5833333333 0.5833333333 0.1507936508 2.3333333333 1.9397860594 1.6896551724 3.0200000000 5.0068542569 4.2144444444
Case #16: 0.2500000000 0.3333333333
Case #17: 2.4477547496 2.6666666667 2.7142857143 3.8333333333 3.6666666667 3.3644214162 3.5071428571 4.1428571429 1.9477547496 1.9166666667 3.7142857143 3.1666666667 1.0000000000 1.2000000000 2.7738095238 5.1428571429 3.4715642734 0.1071428571 2.4166666667 5.2857142857 4.3644214162 3.8644214162 5.3928571429 4.4000000000 2.6071428571 1.9583333333 5.3571428571 2.0668023686 0.6977547496 1.2500000000 4.1644214162 3.4000000000 2.3977547496 5.5548976067 3.3333333333 3.6428571429 4.4642857143 2.2857142857 4.3333333333 4.7916666667 4.1739452258 6.2857142857 4.1333333333 1.7310880829 1.9894214162 5.8642857143 0.0310880829 2.4642857143 0.6666666667 3.2142857143 5.8644214162 5.0000000000 9.0215642734 1.7000000000 0.2857142857 4.8882309400 2.6250000000 2.0357142857 4.8571428571 3.4404761905 1.7500000000 7.7500000000 4.9642857143
Case #18: 1.1428571429 4.0000000000 0.6538461538 0.8706293706 0.2167832168 7.5000000000 0.5384615385
Case #19: 0.2311557789 1.3333333333 0.4120603015 2.8800000000 42.5000000000 13.0000000000 4.0000000000 0.3134920635 0.2708333333 0.0277777778 0.5565476190 0.4522613065 0.2857142857 1.6296296296 15.8800000000 0.7738693467
Case #20: 9.3985569986 2.7272727273 9.1414141414 2.1632034632 10.3333333333 1.9510822511 4.3636363636 1.4848484848 1.3636363636 2.9813852814 0.2874458874 3.0116883117 3.3030303030 1.9090909091 3.5151515152 9.4699855700 6.4444444444 0.5571428571 4.3333333333 7.6666666667 2.4242424242 5.1111111111 0.4714285714 0.4545454545 0.3285714286 1.3939393939 2.0419913420 1.9393939394 9.1111111111 11.5656565657 0.2571428571 2.4545454545 0.3588744589 0.5017316017 0.0303030303 1.6060606061
Case #21: 1.6976010101 4.5251872170 3.3894113549 3.5000000000 3.2068965517 2.2859630791 0.6666666667 0.1472868217 3.0361757106 3.6111111111 3.3793103448 1.6875000000 3.2514803204 3.8620689655 2.2758620690 2.8275862069 2.7687216998 2.8750000000 1.8888888889 3.7500000000 2.8888888889 4.1825148032 4.1724137931 2.8376872170 2.1111111111 2.6666666667 2.9059075114 0.8750000000 0.7777777778 0.0101010101 1.0222868217 2.9160085215 4.9501915709 3.4375000000 2.7586206897 3.8721699756 3.2413793103
Case #22: 1.0937500000 0.3364489489 19.4000000000 0.4687500000 0.2986111111 0.5065878378 0.6180555556 0.1562500000 0.6527777778 0.0378378378
Case #23: 2.1000000000
Case #24: 8.1031647442 0.8275862069 3.4739130435 7.8000000000 8.7541926110 10.3578231293 10.6026774595 0.0890410959 1.7428571429 1.6129541394 10.2285714286 2.3636363636 6.0909090909 6.1818181818 7.0890410959 0.5151515152 1.0383426098 5.4890410959 1.8787878788 8.1500000000 12.7603076013 1.6206896552 7.0000000000 5.7922058400 8.2390410959 5.5292517007 5.6182927966 0.4242424242 10.5136363636 1.3500000000 6.0500000000 8.6651515152 12.3031647442 11.0031647442 1.6551724138 7.4000000000 12.4571428571 5.4000000000 3.3000000000 8.8383426098 7.4890410959 10.8292517007 0.2758620690 1.9006802721 0.5981554677 0.7274071684 7.9292517007 1.7714285714 3.7714285714 0.3031647442 2.4285714286 2.6285714286 0.9090909091 10.5317361727 1.7422058400 6.4383426098 6.3636363636 0.1739130435 1.7878787879 12.0000000000 4.6571428571 5.7031647442 1.6531647442 1.8769198838 3.0344827586 1.5239130435 4.0909090909 3.9655172414 0.1292517007 0.7499413559 3.4545454545 4.3383426098 12.1292517007 12.5863945578 2.9142857143 4.2000000000 3.4292517007 0.6206896552 0.7241379310 1.4390410959 10.7000000000
Case #25: 6.8333333333 0.0769230769 0.8823529412 0.4615384615 4.5490683230 6.4166666667 1.2368421053 5.4314212642 2.1142857143 2.4347826087 0.2236842105 2.9966386555
Case #26: 6.2334558824 5.1084558824 1.1862068966 12.7827380952 14.2514880952 5.7334558824 7.0268853695 2.9797160243 2.5848214286 4.4279918864 1.9687500000 2.0848214286 5.2959558824 0.0538461538 1.7038539554 5.7058823529 3.3590263692 4.4435520362 7.0000000000 2.8000000000 2.2413793103 1.2723214286 13.7514880952 13.8053342491 0.7333333333 2.9107505071 1.1562500000 6.4018853695 0.6000000000 1.7931034483 2.5091748768 12.4077380952 1.0000000000 3.3103448276 4.3897058824 2.6371794872 3.4620689655 2.5833333333 1.6473214286 2.0225961538 2.3931034483 4.8185520362 12.3333333333 5.7597285068 0.6250000000 5.3498020362 3.0268219357 13.3139880952 8.8706353695 4.7647058824 7.9331353695 0.7410714286 4.9748020362 2.8620689655 3.1866125761 1.3437500000 2.2500000000 7.5581353695 7.7456353695 2.0689655172 2.0000000000 1.8620689655 1.9091748768 1.5312500000 2.8538461538 0.1160714286 11.7827380952 0.5862068966 1.1160714286 5.1623020362 1.1176470588 1.4598214286 11.6666666667 3.3641909814 2.4687500000 3.8185520362 4.9209558824 2.1386675824 3.7647058824 1.6470588235 6.2873020362
Case #27: 0.4639937107 1.5500000000 7.9343763581 6.2715827338 5.1669598124 4.9166666667 9.2500000000 9.5177706891 5.1844373558 0.0287769784 9.3292750415 0.2677706891 2.4000000000 0.0112994350 2.2750000000 7.5177706891 6.5105764445 9.3076923077 4.2389937107 1.1112994350 9.1011040224 5.1556603774 5.1957367908 1.5715827338 8.5384615385 0.2250000000 0.2389937107 7.2500000000 9.4889937107 4.0000000000 1.6923076923 8.8333333333 0.6666666667 4.9279661017 7.4889937107 7.9230769231 6.2500000000 1.9230769231 0.0215827338 6.4889937107 9.0723270440 1.1000000000
Case #28: 2.1250000000 0.1357142857 0.3508771930 17.9714726631 1.1234567901 0.0867346939 3.8286155203 3.3351914840 18.3403926483 15.4866071429 0.9953634085 4.1492346939 17.3913139330 16.8571428571 1.2397660819 1.0292397661 1.7036155203 20.6857583774 18.4865914787 3.7796359284 0.6327903091 18.9953634085 20.9196428571 0.8596491228 4.0625000000 0.4970760234 18.2053571429 0.2046783626 18.2008928571 18.0000000000 1.1649540518 3.2484567901 2.5632646431 3.9504379335 3.9153502142 14.1428571429 1.5679012346 1.7387032396 20.1055996473 18.1357142857 18.6327903091 17.8357583774 3.8637032396 1.9082938829 1.3437500000 0.3403926483 0.4865914787 18.1708020050 12.7142857143 3.6929012346 20.5500440917 18.0065603824 2.0544927133 0.0350877193 16.2678571429 0.1708020050 2.2117346939 18.9821428571
Case #29: 2.9615384615 0.1564245810 2.4615384615 4.0000000000 4.7692307692 3.8151461411 2.0000000000 2.9036144578 3.1179630425 0.4457831325 4.4705882353 0.8536076796 2.4457831325 0.9036144578 0.6971830986
Case #30: 2.6543209877 4.4462093323 0.0987654321 0.4684684685 0.0348837209 4.6000000000 5.2500000000 7.1207413506 3.9777408638 6.6973684211 2.9789284851 2.5904392765 8.2684684685 4.6111111111 6.0473684211 4.7098765432 0.3884892086 3.2000000000 5.2848837209 0.8126614987 0.4233729296 5.6733729296 1.4473684211 4.4113256113 1.8285714286 2.2970398970 3.9428571429 6.7322521420 2.5555555556 0.8765432099 0.2000000000 0.7777777778 6.7961338532 3.6684684685 1.2011507073 5.0684684685 6.5158368895 7.6113256113 5.4970398970 7.6462093323 5.3487654321
Case #31: 1.0500000000 5.4500000000 1.2228571429 1.2750000000 0.0500000000 1.4250000000 4.9500000000 0.6228571429 0.8000000000 2.0250000000 0.8750000000 0.0228571429 1.0500000000 1.2000000000 0.6000000000 3.5500000000 0.5250000000 3.6250000000 0.7500000000
Case #32: 9.0500000000 5.9000000000 1.5792483660 1.0866013072 9.6014705882 4.0000000000 9.1088235294 1.0277777778 0.5514705882 3.6000000000 0.4133333333 0.0588235294 0.4666666667 6.6500000000
Case #33: 1.0000000000 0.7714285714 1.1501385667 0.1176470588 1.5555439721 0.2432432432 0.6901491656 1.6896551724 1.0000000000 1.4137931034 0.3568158322 1.4324324324 1.0937500000 0.1231115397 1.0800000000 0.8125000000 1.1928480204 0.7187500000 1.0000000000 0.9200000000 1.2000000000 1.4378969133 0.4744628910 0.3513513514 0.7622212376 0.9768930523 1.1600000000 0.4800000000 0.2962962963 1.1379310345 1.1621621622 0.3879781421 0.2352941176 1.4375000000 1.2162162162 1.0858948087 1.0324915079 0.0546448087 0.3568158322 1.0312500000 0.3513513514 1.2306897061 0.9142857143 1.3880658322 1.8050916943 1.0270270270 1.4482758621 0.8918918919 1.4537403429 1.3714285714 0.7567567568 0.8965517241 1.9310344828 1.0367144809 1.0150034316 0.8798682965 1.1111111111 1.1714285714 0.8973563728 0.1722918676 0.3387978142 1.6179310345 1.0054644809 0.4285714286 0.0054644809 0.6901491656 2.0312500000 1.5029206708 0.3333333333 1.0260733802 0.9714285714 1.1676266430
Case #34: 52.8000000000 47.6000000000 7.2000000000 49.9000000000 44.7500000000 3.2500000000 4.5500000000 44.7805343511 4.2500000000 3.2805343511 3.0000000000 48.1000000000 45.7500000000 6.6000000000 1.8500000000 0.0305343511 41.5000000000 8.4500000000 2.9500000000 4.1500000000 0.5425531915 2.3500000000 6.1000000000 0.0081300813 11.3000000000 48.7000000000 8.4000000000 7.0500000000
Case #35: 0.0563380282 14.1666666667 16.4558011050 0.7237569061 16.0745856354 0.9558011050 15.8333333333 0.7458563536 0.5745856354 16.6270718232 24.9640883978 0.0144927536 22.0000000000 25.2458563536 15.5000000000 24.5000000000 16.2458563536 15.9640883978 25.0745856354 16.2237569061 1.1270718232 0.0281690141 0.4861878453 15.9861878453 1.0331491713 0.4640883978 24.9861878453 11.7500000000 0.1049723757 25.4558011050
Case #36: 0.1645569620 2.3059956508 3.1438334887 2.2702702703 5.6250000000 9.3333333333 0.8735632184 33.1166666667 4.8750000000 4.6756756757 0.6296296296 9.9629629630 5.5625000000 2.9356252805 2.0000000000 2.0620620621 6.4360632184 3.7500000000 4.4500000000 5.5492388941 28.6666666667 4.3796296296 1.4324324324
Case #37: 3.3142857143 1.6875000000 2.3142857143 5.6285714286 7.6571428571 2.1875000000 2.8571428571 6.1714285714 4.1142857143
Case #38: 8.4909090909 2.2142857143 7.2873015873 0.0909090909 16.3301587302 15.6909090909 17.7500000000 15.6000000000 15.6873015873 1.1250000000 9.4142857143 17.3417027417 7.5454545455 18.4667027417 19.0301948052 0.8210678211 1.2063492063 1.2159090909 16.8159090909 17.9051948052 17.2507936508 0.7301587302 8.4000000000 7.9301587302 4.3181818182 0.0873015873 7.2000000000 15.7782106782 1.6507936508 17.8142857143 8.8507936508 8.0210678211 9.6159090909
Case #39: 1.1025641026 3.7500000000 2.3250000000 0.1824324324 5.8555093555 4.8525641026 4.1824324324 0.0750000000 3.9324324324 4.2000000000 4.0000000000 0.6914893617 5.0349965350 5.6730769231 1.7000000000 1.9230769231
Case #40: 7.3928571429 6.6731692677 5.9705882353 4.3202280912 6.3823529412 1.7025810324 3.2500000000 1.5555222089 1.4117647059 1.7857142857 2.2500000000 4.4642857143 5.0261104442 4.0294117647 1.2647058824 0.2908163265 2.6470588235 0.0153061224 2.2614045618 5.2205882353 1.9705882353 4.7352941176 6.2614045618 4.4795918367 3.2142857143 1.1785714286 3.9705882353
Case #41: 2.6468253968 2.5833333333 2.5277777778 4.9230769231 2.3611111111 1.8076923077 2.8690476190 5.3662587413 1.2746969697 0.4431818182 2.6282051282 11.4400000000 11.6000000000 2.2508741259 1.5180375180 2.9518253968 0.3050000000 2.2500000000 0.9696969697 0.2777777778 3.0000000000 2.2800000000 9.0250000000 1.4615384615 0.4716666667 0.9709595960 0.9583333333 1.5454545455 2.7508741259 8.0000000000 3.0558741259 0.8484848485 2.2916666667 1.2566738817 10.2800000000 3.0492424242 0.5277777778 0.8134920635 4.4800000000 8.7200000000 2.2727272727 2.8134920635 2.5357142857 3.4400000000 5.0268065268 0.7045454545 0.1666666667 2.3076923077 12.1277777778 1.2323232323 0.7575757576 3.6000000000 4.2692307692 4.7124125874 12.4800000000 2.6661111111 2.5970279720 3.4000000000 11.4000000000 1.0353535354 1.0250000000 2.1538461538 1.2853535354 0.8846153846 1.1666666667 0.2857142857 5.4699883450 0.7200000000 4.1277777778 1.9583333333 3.2000000000 2.6126923077 1.6969696970
Case #42: 1.1117571059 1.7083333333 0.8611111111 3.5714285714 0.7500000000 1.7250000000 0.0797546012 2.8888888889 0.1395348837 0.0725388601 0.0250000000 0.2500000000 1.5225388601 1.4500000000 2.8611111111 0.2631578947 0.3895348837 4.1740069085 4.7938596491 0.6000000000 0.5416666667 0.0714285714 0.8928571429 0.8000000000 3.5833333333 0.2020725389 3.9642857143 0.4611398964 0.1645348837 0.0829015544 0.5906735751 1.9583333333 3.8421052632 5.1578947368 0.2192894849 1.0714285714 0.4750000000 0.5000000000 1.4736842105 3.5833333333 1.2105263158 0.2279792746 0.8895348837 1.7894736842 0.9722222222 2.6785714286 0.1709844560 2.0406735751 0.4026927785 0.1088082902 1.6111111111 1.8055555556
Case #43: 0.8636363636 2.5925925926 2.2592592593 1.6000000000 3.0370370370 2.3181818182 1.0000000000 4.9629629630 1.4500000000 21.4545454545 12.0000000000 20.8181818182 8.5000000000 2.9545454545 2.6363636364 21.1363636364 1.2500000000 0.0909090909 2.0000000000 20.9541041483 18.5000000000 3.9629629630 2.5185185185 4.2000000000 3.4444444444 20.8181818182 2.2909090909 1.1818181818 2.4541041483 2.2000000000 0.3500000000 0.1359223301 3.8888888889 20.5000000000 2.6000000000 3.1851851852 2.3181818182
Case #44: 10.0000000000 6.5196078431 3.6666666667 2.9977687627 6.2843137255 1.0000000000 2.8823529412 7.8888888889 6.5490196078 2.6176470588 6.6644354293 0.1448275862 2.8529411765
Case #45: 0.7142857143 0.4516129032 3.0967741935 2.1585365854 0.5663265306 0.3812949640 1.2970671712 0.8786998243 0.2959183673 0.5827814570 1.1491079876 1.5398315494 1.1585365854 3.4780691576
Case #46: 36375558.0312896371 12935663.3316047229 23166373.7673097886 36477869.3668159470 15455316.8635306377 23535573.6799692921 35050323.7216499820 33681724.7340147421 36995437.4133217856 18599957.0918032117 19468956.0010537691 24115152.7832987979 17382545.0079925358 35364117.1052056476 17984015.2331927419 18728729.2641350329 32635060.9141787179 33557547.7410677522 16768579.2944314629 18426477.5752231404 26439786.1679141819 22155002.8135952279 17508806.0313501991 35626838.4256865457 17296039.8307477906 18140657.2921211757 35653536.9111267030 30544440.8063805439 23529687.5481862836 34868726.1415579021 33431286.7177100889 25570787.2586636245 31266461.9265434779 29829022.5026956648 32959703.6138518080 23637885.0154956095 36363586.1525508091 24353375.1748529486 18624338.5396803841 35413637.5025264770 19297277.6640935652 34938118.6074418202 17859730.3548844755 37454737.2130038217 34146705.0213949680 19171016.6407359019 25962518.4001109935 15818630.6444071308 25111487.4589815885 22028741.7902375646 33323017.3947283030 16537927.5466191489 32607599.0910434239 13040054.0560593735 18991688.2332505807 17400430.5552024394 32244285.3101669289 17755339.6304298267 34648698.8015207648 36955137.1346191466 18251461.4963318445 15568752.4257214777 20677848.5304676294 15714239.9199524820 13780280.7929781135 18347329.0140692368 18147070.7718771957 34272966.0447526351 16664188.5699768141 20841740.3826944046 21257427.6337971352 38323736.1222543865 34045038.5148912370 15350926.1390759870 34904817.3055236116 20780159.8659939468 35755848.2466530129 18149150.1608055271 21205054.1635708995 16558857.3813258708 20388428.7245465778 25860207.0645846762 16642318.2710737977 37744157.0189248770 22786854.0743662044 34189399.0018387288 36237325.1291931421 23246153.8740482405 34994987.1649155691 36086138.2253685817 24479636.1982106119 35040429.9429681301 20751110.9598385245 36233116.0144562125 18044759.4363508783 16195543.6004493777 19929128.9248645417 18889376.8977242634 35517697.7107713297 37846468.3544511870
Case #47: 1.5282106782 1.6481535330 0.1388888889 0.6574074074 1.2853535354 0.9444444444 1.1069023569 2.7733918129 1.2962962963 0.8337662338 0.6478494624 1.7172772646 0.5000000000 2.3209224117 2.2339658900 1.7178362573 1.1944444444 1.2258064516 0.1868686869 2.0600528465 0.5806451613 0.2428571429 2.9130434783 1.7007026790 1.0089605735 0.5833333333 0.3337662338 1.8337662338 1.5789473684 2.2173913043 0.5165745856 0.5909090909 2.4956140351 0.5883838384 0.9811827957 0.1481481481 2.1622807018 0.8503408194 0.5185185185 1.0185185185 0.5810907147 0.0909090909 0.0050505051 2.0434782609 1.5909090909 0.0454545455 1.4629629630 2.9296180639 0.5645161290 1.8695652174 1.6956521739 1.5000000000 2.3043478261 0.4297258297 0.4726551227 0.1818181818 3.4948354552 1.7122267595 0.9166666667 1.5645161290 2.1673312068 2.5233918129 2.4598113006 1.6315789474 2.4432367150 1.4351851852 0.4246753247 0.0645161290 1.1018518519 0.6074836765 0.0165745856 0.2297979798 3.4782608696
Case #48: 0.5483870968 2.7619047619 1.4761904762 3.0644257703 3.3142857143 0.4571428571 0.8529411765 0.4137931034 0.6292740047 2.5483870968 2.4411764706 1.0250723240 1.5882352941 2.8235294118 1.8387096774 0.1721311475 2.3899835796 2.0000000000 2.8402891883 4.1090715616 0.7352941176 1.6000000000 0.9137931034 2.3291316527 1.9761904762 2.4857142857 2.6451612903 2.8064516129 3.2571428571 2.3142857143 1.9324202559 3.8064516129 3.3310454908 0.5000000000 1.8709677419 2.7280788177 4.0476190476 0.5161290323 0.0167597765 0.0614525140
Case #49: 2.0285714286 33.5238095238 0.1358024691 0.6785714286 21.5000000000 2.8571428571 5.8333333333 36.5000000000 34.8333333333 30.6666666667 13.6666666667 1.1600000000 32.6952380952 0.8143738977
Case #50: 1.6087053571 0.3515625000 2.7523809524 4.0216666667 1.0256410256 0.1466666667 2.0889724311 2.2307692308 1.0984962406 0.1842105263 1.8000000000 1.2571428571 2.9365914787 2.2563244048 5.2083333333 1.9047619048 0.9142857143 1.3333333333 1.1025641026 0.4982291667 3.8750000000 1.9842105263 2.4405349311 4.3732291667
Case #51: 0.5700431034 1.2349134960 0.4137931034 1.1034482759 0.8846153846 1.2974134960 0.0882352941 0.0747126437 0.4441620879 1.1764705882 1.3548387097 0.3529411765 0.3870192308 0.2879120879 1.1196581197 0.7647058824 5.6196581197 0.8888888889 0.9687500000 0.1562500000 0.0632183908 1.6785714286 6.2735042735 1.1411634960 0.0571428571 6.5042735043 0.0632183908 1.2759081197 1.0000000000 0.5215053763 2.0257788806 0.8214285714 0.9103942652 0.2879120879 5.8333333333 2.0042735043 1.1196581197 0.9776785714 0.8263736264 0.5882352941 0.2068965517 0.2133928571 0.5671971706 1.3333333333 0.4137931034 1.0632183908 0.0215053763 0.0937500000 0.3094174643 5.3888888889 1.1153846154 0.7692307692 0.5000000000 0.2307692308 4.5000000000 1.4215686275 0.8571428571 0.9417582418 0.6176470588 1.2134081197 1.1725274725 0.9117647059 0.4656674643 0.9151785714 0.7647058824 0.2307692308 0.3816620879 0.7187500000 1.7950096498 0.5882352941 0.6896551724 0.9062500000 0.2522746071 0.7979664014 0.0057471264 0.8965517241 1.0000000000 0.0287356322 0.5384615385 0.3245192308 5.7134081197 5.7759081197 0.4352984798 0.9655172414 0.0804597701 1.7735042735 5.6196581197 1.4430740038 0.5956043956 0.7857142857
Case #52: 34517176.6877048388 64489212.7119253799 67440120.4081594795 70468780.1029494405 71425958.8531795591 72331672.1552844644 34569110.6800378785 67450824.9503189027 69480076.4217150211 37339095.8399872333 72154433.6894001663 65858522.1980337948 33524485.5119253881 70101705.4463998973 68385433.6136073321 66394066.3221110553 36491064.8803644478 69973290.6358924359 34344383.9518205449 68172194.7183714211 69800497.9000081420 35557814.3612723053 38381869.8971634358 70526130.5077634454 65349441.1539985538 35443845.0931882486 32594843.9786825068 31670026.6841353923 33639469.1467949972 69241216.3256804943 68416051.8599491715 66522541.5612723082 65533837.8800378814 69245662.0556804985 69796198.3743169755 69132179.0110784620 67762869.5249700695 70276238.6304063052 36595305.7640836164 71654644.6966519952 69853548.7791309804 36313826.4144801572 66579891.9660863131 35448290.8231882453 35668637.3586002067 34893794.9980337918 71136467.0724794716 70392676.9965758622 73549895.4434509724 68208195.1477230340 67126140.6323229969 68435451.2536025345 33642749.1756672263 33585398.7708532214 37638079.8212598190 37243467.9477230385 37416260.6836073324 71868541.3826914132 68473402.2647631764 68807494.6930825561 67752032.4967106581 35615164.7660863101 72806105.3675473630 71124751.3067878038 69068423.5897962004 31552069.9215063117 34628172.8280294240 31994711.0021313019 69977736.3658924401 33964153.4647909105 71481851.9607677013 68380987.8836073279 30625401.5160229020 70274498.1822841913 69532448.5545026958 66081515.4642104954 39311511.4304063171 66718750.6401069686 37420706.4136073291 34521622.4177048355 35271052.3573039547 72327226.4252844602 72169748.9290831685 36486619.1503644511 32716080.7701838166 32658730.3653698154 68114844.3135574162 67382770.0033454746 32596695.0896188021 36412427.4345038235 67427348.1787147522 69804760.7397109270 38567721.3545027003 74222477.1720834374 66382723.0106022507 73478687.0961798280 70278943.9122841954 71659090.4266519994 32921379.4076147117 34685523.2328434289
Case #53: 0.8161018161 0.0158730159 2.3948717949 5.0482984293 1.6642075202 0.3333333333 1.6440781441 1.8333333333 4.6774650960 2.1818181818 6.2982984293 3.5625000000 0.4066317627 7.0466092401 2.6000000000 2.4666666667 3.2282051282 2.7099476440 1.7008567349 0.8681702242 0.5694071034 1.9333333333 0.0052910053 0.0732984293 0.8840432401 3.6250000000 2.4482984293 0.1099476440 1.7567567568 4.4466092401 0.8108108108 0.4774114774 2.5909090909 2.3750000000 4.3733108108 0.4615384615 0.5327578888 3.7727272727 2.6732984293 3.0909090909 0.7948717949 0.4375000000 2.1976911977 1.1666666667 3.6357984293 3.7708333333 0.9206924547 6.2357984293 0.1891891892 4.6041666667 3.6982984293 0.8266838267 6.1107984293 2.5000000000 7.2774650960 2.4107448107 0.4432809773 0.4594594595 2.9440781441 2.9282051282 1.1351351351 1.5909090909 2.7666666667 2.1871091871 3.5107984293 0.8107448107 3.8750000000 2.2948717949 3.4375000000 3.9482984293 1.6282051282 0.9048194389
Case #54: 28.3333333333 32.2380952381 39.5009174312 44.3500000000 42.8500000000 39.6938108322 10.9970588235 44.5428934010 43.5928934010 37.0000000000 42.2851540616 5.2184873950 6.0470588235 12.5684873950 3.6470588235 9.1184873950 8.3184873950 38.3860714928 40.6000000000 5.3529411765 3.9000000000 39.5928934010 36.0000000000 40.1000000000 10.0470588235 3.1000000000 2.5009174312 43.0428934010 15.3184873950 6.7470588235 39.4000000000 7.6184873950 11.6184873950 5.7470588235 0.1928934010 7.3184873950 6.4000000000 14.3184873950 1.5714285714 38.2851540616 39.7851540616 34.0000000000 5.8500000000 7.3500000000 12.2184873950 2.1000000000 2.4000000000 8.5714285714 14.6184873950 40.7928934010 30.6666666667 43.4000000000 18.6184873950 7.7194048262 3.6000000000 37.1928934010 16.1184873950 7.5470588235 14.7194048262 40.2928934010 35.8851540616 0.1009174312 6.1479762547 7.0000000000
Case #55: 2.5625000000 0.5140845070 8.3333333333 0.1764705882 1.7058823529
Case #56: 3.7392473118 2.5962962963 2.3406521358 2.7680714906 0.7600806452 1.6715171756 2.4475806452 32.4837962963 3.4204067321 1.6712962963 3.3275462963 3.7831177869 1.9678134719 0.7187500000 3.5974890444 1.0150462963 2.6562500000 5.5392473118 4.2678134719 1.7187500000 1.6562500000 0.2824427481 2.8787390444 2.7288306452 1.9212962963 1.6875000000 3.4163306452 1.0563769415 3.0643677869 4.2525462963 2.6250000000 5.8216900599 2.3750000000 1.0000000000 2.1022236973 32.5150462963 2.5824427481 33.4212962963 3.3437500000 3.3150462963 3.8615136876 1.1739130435 1.3750000000 1.6250000000 32.5563769415 2.7440978207 1.7913306452 33.4678134719 2.3000000000 1.8725806452 33.4525462963 4.3913043478 31.5000000000 33.1712962963 3.9712962963 3.3478260870 3.6666666667 0.0332312474 2.3693992698 3.0312500000 2.3437500000 1.0725806452 2.6715171756 0.2962962963 31.7962962963 0.1856287425 3.5652173913 2.0824427481 1.8000000000 2.1550233933 0.4680714906 0.0179640719 2.0869565217 1.9525462963 6.0073188024 0.6875000000 0.0152671756 0.0725806452 2.2680714906 0.9837962963 2.6975806452
Case #57: 32999999967.0000000000 35499999964.5000000000 36999999963.0000000000 29999999970.0000000000 6499999993.5000000000 12499999987.5000000000 14999999985.0000000000 28499999971.5000000000 1999999998.0000000000 17999999982.0000000000 46999999953.0000000000 37999999962.0000000000 20999999979.0000000000 39499999960.5000000000 34499999965.5000000000 14499999985.5000000000 30499999969.5000000000 8999999991.0000000000 17499999982.5000000000 33999999966.0000000000 19499999980.5000000000 31499999968.5000000000 45499999954.5000000000 20499999979.5000000000 19999999980.0000000000 37499999962.5000000000 44999999955.0000000000 5499999994.5000000000 12999999987.0000000000 27999999972.0000000000 5999999994.0000000000 22499999977.5000000000 35999999964.0000000000 48999999951.0000000000 21999999978.0000000000 38999999961.0000000000 18999999981.0000000000 15499999984.5000000000 30999999969.0000000000 44499999955.5000000000 47999999952.0000000000 22999999977.0000000000 16999999983.0000000000 7499999992.5000000000 25499999974.5000000000 46499999953.5000000000 26499999973.5000000000 42999999957.0000000000 36499999963.5000000000 39999999960.0000000000 41499999958.5000000000 11999999988.0000000000 999999999.0000000000 43499999956.5000000000 38499999961.5000000000 7999999992.0000000000 25999999974.0000000000 16499999983.5000000000 9499999990.5000000000 4499999995.5000000000 27499999972.5000000000 13499999986.5000000000 6999999993.0000000000 2499999997.5000000000 45999999954.0000000000 41999999958.0000000000 26999999973.0000000000 499999999.5000000000 24999999975.0000000000 23499999976.5000000000 32499999967.5000000000 1499999998.5000000000 11499999988.5000000000 23999999976.0000000000 10999999989.0000000000 43999999956.0000000000 15999999984.0000000000 2999999997.0000000000 21499999978.5000000000 31999999968.0000000000 49499999950.5000000000 4999999995.0000000000 34999999965.0000000000 33499999966.5000000000 40999999959.0000000000 9999999990.0000000000 24499999975.5000000000 48499999951.5000000000 8499999991.5000000000 3499999996.5000000000 18499999981.5000000000 10499999989.5000000000 40499999959.5000000000 29499999970.5000000000 47499999952.5000000000 3999999996.0000000000 13999999986.0000000000 42499999957.5000000000 28999999971.0000000000
Case #58: 23.2500000000 11.7500000000 0.8064516129 13.7580645161 0.2580645161 0.0645161290 4.0000000000 14.5967741935 1.1290322581 12.2500000000 0.3256320837 16.0000000000 9.7500000000 0.0675675676 1.0322580645 1.2903225806 14.3064516129 33.5000000000 20.0000000000 34.3064516129 1.3548387097 13.5000000000 13.5645161290 20.0000000000 25.0000000000 22.0000000000 9.2500000000 19.2500000000 20.0000000000 33.7580645161 1.0967741935 16.0000000000 11.7500000000 13.2500000000 29.0000000000 2.5000000000 10.2500000000
Case #59: 1.1269841270 0.9140461216 0.7751572327 0.5807127883 2.0584905660 1.8275862069 4.7647058824 0.3043478261 0.3888888889 0.6932367150 2.7931034483 0.7500000000 0.3307127883 1.2394429470 0.1304347826 1.8928571429 1.5584905660 1.7931034483 1.5449985025 4.0882352941 2.0689655172 0.8611111111 1.0714285714 0.8769841270 1.7394429470 2.2068965517 2.3103448276 1.7586206897 0.5555555556 0.9444444444 3.8823529412 0.8599033816 0.8888888889 1.1932367150 4.2647058824 1.2500000000 1.4952380952 2.4196016771 2.3084905660 1.9894429470 0.4285714286 0.9696016771 0.1304347826 1.0666666667 0.5714285714 4.4705882353 0.5251572327 1.4325396825 1.2142857143 2.3823529412 2.0000000000 1.9473794549 1.4603174603 0.6099033816 0.8862683438 2.1005540581 0.3055555556 1.5158730159 0.8260869565 0.9603174603 0.4140461216 2.4482758621 1.3214285714 0.0251572327 1.5333333333 4.3529411765 4.1470588235 3.9411764706 0.5000000000 0.8043478261 0.9444444444 2.5029350105
Case #60: 0.2989690722 1.1566265060 9.6833333333 2.9333333333 5.1323024055 4.8333333333 6.7500000000
Case #61: 0.7647058824 2.9937888199 1.1739130435 3.0360012858 3.0000000000 3.3035628967 1.1527156725 0.6345021038 0.7647058824 2.8571428571 3.0101822625 3.2675616109 2.4645727143 2.4449648712 2.4481792717 1.7407407407 0.5910238429 2.4444444444 0.3430221586 3.0372670807 0.0360012858 3.0297901056 3.0163934426 0.5652173913 0.2941176471 2.8931441429 3.3260869565 0.0129032258 1.0588235294 0.3070208729 0.3266287160 0.3137254902 3.6691091151 0.3301189328 1.5925925926 3.6739130435 0.7058823529 2.4285714286 3.2546583851 0.7776091082 2.4285714286 3.2906596709 0.7776091082 1.1691091151 0.9455337691 3.6527156725 2.8735362998 3.1086956522 0.8260869565 3.2710518277 1.4444444444 1.1481481481 3.0536605234 0.0258064516 3.0732683665 3.0652173913 0.9411764706 3.2839550535 0.9619272117 0.6086956522 2.5000000000 1.1331078294 2.2592592593 0.8389901823 2.4449648712 3.3389901823 3.6331078294 1.2608695652 1.5000000000 0.0163934426 0.9259259259 0.0196078431
Case #62: 1.3333333333 0.9922480620 2.4242424242 1.0909090909 2.3699788584 2.0831571529 1.8000000000 2.4000000000 0.4436619718 3.1583333333 3.0186619718 2.5750000000 0.5348837209 1.2790697674 4.9333333333 1.3583333333 1.2750000000 2.0211416490 1.5116279070 0.0833333333 0.9302325581 2.6025369979 4.3750000000 2.3234672304 2.2500000000 4.0500000000 1.5000000000 1.6257928118 3.0750000000 0.8666666667 1.3103286385 1.2325581395
Case #63: 0.6000000000 0.7924528302 0.4338235294
Case #64: 1.7419354839 0.2164948454 3.2258064516 4.3309278351 1.0588235294 2.6000000000 4.4391752577 0.1052631579 0.5973317162 0.4117647059 2.4516129032 0.6282595512 3.6685870224 3.5101429997 2.0552631579 1.7000000000 0.6694966646 4.2896907216 1.7091114884 3.1500000000 2.5896907216 3.0639501981 1.7941176471 1.0509399636 0.5000000000 1.5161290323 3.8000000000 0.7000000000 1.4500000000 2.6309278351 0.2280701754 2.8823529412 2.8444384156 2.7391752577 3.6500000000 0.1855670103 0.1929824561 1.2258064516 2.5407636739 0.7983626440 3.0294117647 2.2352941176 0.5309278351 4.3000000000 0.6391752577 0.9426925409 2.6949538795 1.9500000000 0.3859649123 2.4705882353 2.6774193548 0.9014554275 0.3000000000 0.1237113402 0.4561403509 2.1000000000 1.2941176471 2.2052631579 2.8709677419 0.1578947368 0.5354760461 0.8000000000 0.9677419355 0.4117647059 0.2577319588 3.7031254558 0.3865979381 0.4896907216 0.0701754386 2.7052631579 2.9525283798 2.7361909929
Case #65: 0.3204419890 4.4444444444 4.2627965044 12.4545454545 12.6128097952 3.4088282504 3.2571428571 2.9615384615 6.5000000000 12.6062308478 12.2072409488 2.7692307692 0.0065789474 2.7142857143 3.6363636364 1.7371086556 0.1516853933 0.4857142857 4.4315531001 6.6516853933 6.6666666667 4.5832384933 12.4611244019 4.1111111111 12.0555555556 3.6429425837 1.4166666667
Case #66: 15.2000000000 11.4000000000 1.7926829268 4.1785714286 1.1025641026 1.8709677419 0.7419354839 2.6129032258 0.6585365854 1.4838709677 1.9743589744 4.2243589744 3.7419354839 1.0853658537 1.7682926829 19.4512820513 2.2307692308 0.6785714286 1.3658536585 1.3170731707 2.0714285714 1.0714285714 0.9390243902 3.5064102564 4.3012820513 7.0000000000 13.6000000000 1.7073170732 2.8064516129 2.0512820513 5.0372208437 2.2500000000 2.4838709677 17.4000000000 1.8205128205 17.7333333333 0.9756097561 18.7846153846 19.6307692308 0.8205128205 0.3333333333 3.6346153846 1.3846153846 1.9354838710 1.2564102564
Case #67: 26259624.1405800246 34975016.2506574318 33656833.9488668069 27981495.8298391774 23504365.3589857630 33519741.5507819951 25048171.5227230713 23097785.3156524897 25583043.4590576291 34063367.3168548569 33190918.8837754205 32176282.6134581789 31054917.0134351365 16359120.4560033660 33930056.1993358135 31916402.8592900597 28055784.1373185068 24893945.3123909682 32648063.0488880575 27063594.7944662571 25790355.4737568013 30881635.4640074559 30243030.2186348848 34236648.8662825376 23470109.4667643271 28241363.3866265044 19814125.3331963494 25616236.2355048358 32039190.2153733671 26959370.2361787446 31525023.3690826446 26185335.8331006989 28414644.9360541850 32785155.4469728693 22975964.1581238844 29031695.2172545530 25657044.3562377617 25541947.9280255102 28159246.7841751203 23786883.4623191506 34801734.7012297511 23209691.2870262004 23641457.7570705786 33321183.3658211231 30461128.1594146192 30598220.5574994348 19520959.2809309028 28590368.6633538678 26191916.2925723195 22608623.6209094040 29462047.1652478054 28797968.0883522369 28898384.0997355133 25636129.2634246983 27096462.6342635602 22901675.8506445587 24786358.5094335228 24959640.0588612035 16513346.6663354691 30380122.6167197004 32781374.1664070971 25452778.9770119265 24763680.8303452656 23252011.5259845927 22454397.4105773009 26374496.6477995962 24004981.4030988850 25502818.1459056586 26477722.0813597590 26325227.4100913592 29736734.7116445117 19968351.5435284525 26711449.2102620751 24917907.0406773686 28289511.2662208229 31698304.9185103253 31908925.7333276644 26528722.8581316993 34103337.7487634942 27851231.3477934748 33364200.4332031012 32046018.1314124763 27925519.6552728042 20503223.4798630103 28664656.9708331972 33494464.9152488038 26403433.7738804333 29599642.3135596961 23315883.2564322241 19754686.4098332189 26493351.2694823407 19446670.9734515771 17048218.6026700288 23143495.5572439618 32918466.5644919090 28723679.7808729075 29770062.6016294509 25849963.3644071519 29536335.4727271348 31743121.3098623790
Case #68: 149252536.2573512197 148891732.7017956674 5011134.7348188031 5162851.7729848661 5195542.7835668763 149003748.3949173689 149167209.3155522943 148929821.7097780704 149457800.5377745032 5290844.9818776259 149078065.6541766226 149541489.2635607719 3121221.3827797845 149008210.1053975224 5135740.7995246854 149200229.4531184137 4691497.4230540972 5267409.2333023259 16195.2097812098 149080099.1462401152 4730838.1407011561 149096504.5390709937 148966143.6806316674 5358119.0877599791 4657196.2877599793 148902302.7229596972 149526880.4054993689 5290609.5877599791 4661629.5335721169 148946456.1621131301 148921155.5113194883 4787879.0995246852 4885333.2376989005 148898106.6002954841 149220063.1674041450 149019894.8758056760 149452779.4531184137 4631551.5524658617 149289265.1092030704 4987483.9900962925 149019057.6462138593 149033778.9240179062 149232704.1411118209 148900808.7978547812 149067838.2467692196 4429149.8277402958 149314630.0880390704 5671222.0752118276 149103428.9769279659 4544760.6740142228 149127031.9727444649 149138294.9270984232 149261498.5441730320 4658668.5584266456 149893485.3896263540 4856538.3112893905 4708553.0171717443 149948703.5483565331 4855647.8064228231 4734725.9451335939 4918007.8141843621 149405839.3196832240 4690126.8087699572 4428624.3348188028 4811048.6700591864 1191546.1052631580 5445238.8840959771 5034723.3549954481 4686506.5731204106 2989385.1991063152 1792324.4912280701 149074096.5288669169 4465860.9603014281 4665249.7692216635 4942884.8537326558 149128038.3155522943 4834769.4701129207 149530943.6685950160 4985182.6465835087 525.4929214929 4918825.6877599787 149218173.4372453988 149143653.4160813987 4688109.3289364502 149627325.7652877271 4753497.0540254312 5342456.2759952731 37236.6254826255 149152592.9345999062 4918979.1348188026 4731105.7094840473 148954090.6806316674 5113536.2171717435 4720294.9097479647 148928795.6768260896 148972282.3208433092 4786171.6305108927 5115385.4290695218 148959926.6488856375 149090030.0019283295
Case #69: 1.2333333333 1.3500000000 0.5091320444 0.4516908213 0.7666666667 1.0882352941 0.8000000000 1.1176470588 0.9629629630 0.9331723027 0.8666666667 1.2108147607 0.9117647059 0.0294117647 1.5693378801 0.0181818182 4.4122994652 1.5973673385 0.1388888889 0.3666666667 0.8666666667 0.7166666667 1.3914849856 0.8326614562 0.0475935829 0.0931677019 1.0000000000 0.3500000000 0.9259259259 1.2166666667 1.5620915033 0.1111111111 1.1166666667 3.6181818182 1.3562091503 0.9722222222 0.3888888889 3.6475935829 1.2307692308 0.3405797101 1.5973673385 0.4811025860 0.5555555556 0.4722222222 0.7941176471 0.9299465241 1.1814029960 1.1064171123 4.7358288770 1.1358288770 0.8872853489 0.5555555556 0.4797202797 0.4461088783 4.7358288770 0.0072463768 0.3529411765 1.0166666667 0.7941176471 1.5833333333 0.5628019324 0.6358288770 0.1183574879 0.5628019324 0.4738562092 0.6176470588 1.1358288770 1.5833333333 0.8872853489 0.3711229947 4.5299465241 0.1111111111 0.8122994652 0.4615384615 3.6000000000 3.9711229947 0.6666666667 0.7108147607 4.2358288770 0.4444444444 0.3333333333 1.3634555271 1.2000000000 1.2108147607 0.5555555556 0.4615384615 1.1176470588 0.4444444444 1.2333333333 0.0993788820
Case #70: 4.5384615385 2.8333333333 9.0731707317 3.1725768322 5.0000000000 3.4178743961 0.0402684564 3.9178743961 6.9065040650 2.8736017897 2.5277777778 0.0531914894 0.0289855072 0.1170212766 3.4420803783 3.8888888889 11.9065040650 2.1956521739 7.0940170940 2.3888888889 3.0958240119 4.7234299517 9.0000000000 3.3055555556 2.8333333333 6.8333333333 2.4178743961 11.9503546099 3.7324058920 3.1087470449 4.6944444444 3.0555555556 0.0731707317 9.3392434988 10.2754137116 0.9583333333 3.6153846154 10.2953929539 2.0833333333 11.9065040650 2.1666666667 1.0000000000 3.4710658855 3.5348956727 1.1170212766 6.5384615385 9.2222222222 3.2128452885 3.8611111111 2.5680462342 2.2083333333 2.5958240119 3.9013795675 11.8333333333 9.2953929539 6.9503546099 5.0289855072 0.4986017897 11.9503546099 5.0000000000 5.8461538462 11.6009485095 3.3888888889 11.5277777778 11.8333333333 0.4583333333 11.6447990544 10.8392434988 2.5555555556 3.1490155013 10.7222222222 9.1170212766 3.3458240119 3.5059101655 10.7953929539 0.4583333333 5.6923076923 10.2222222222 1.0531914894 7.0662393162 3.6685761047
Case #71: 0.2307692308 3.4721485411 5.8923076923 4.3838383838 5.9288461538 6.2769230769 6.0928381963 2.2000000000 7.8559869250 0.2812742813 3.7288461538 6.1433432468 4.0769230769 4.2307692308 7.7202991453 4.2812742813 3.9893899204 7.6452991453 3.7295501433 7.8527777778 3.6230769231 4.3333333333 3.3342175066 6.4307692308 5.8620689655 3.6923076923 4.8275862069 4.6146076146 1.4230769231 8.7769230769 6.2972222222 7.9309869250 5.1088604882 3.6538461538 4.6896076146 4.4083333333 0.0750000000 3.1034482759 6.2222222222 4.4721485411 3.2413793103 7.7416666667 6.5769230769 4.2413793103 3.7692307692 4.4444444444 3.7586206897 4.4588383838 3.6790450928 0.0505050505 5.8538461538 5.0583554377 7.7777777778 3.3847225571 4.0000000000 4.0398949709 6.4812742813 3.4482758621 0.6896551724 4.2307692308 3.5226535916 4.2812742813 7.6666666667
Case #72: 23189467.9103367962 7962197.3287055828 26311455.2924330644 26171695.3056122027 20793806.4764223993 11279498.0618497506 24674504.2153358012 24125487.1871225163 19109775.1437552162 14299898.7091424819 25235352.1570221819 8052288.4735096721 34152512.8488711864 12150885.5133967567 12359678.2839112505 29383966.3734539188 22608975.6091004126 26404899.4360991120 16458275.3237983342 14664084.0129399486 23889803.6754424274 27465522.3105528094 9929804.1300545093 21161490.3489118144 21362060.5825602040 18514394.2274458036 15954571.7447407432 7201490.8035238972 30075067.3872084133 25807751.7133754715 28220068.5687771253 11783201.6409073416 21553689.2915484495 18882078.0999352187 26546866.6407115422 24649686.4905684777 14375495.2608697768 14232040.7092869878 29019781.0696564503 33042647.8789715245 25610523.4921215214 27829707.6143502779 15150696.3791282568 21831282.0192337744 28101125.3998151831 18791986.9551311284 15514881.6829257235 21921373.1640378647 24299332.8802364618 35322060.1279481202 14879198.8399273679 28259898.2545304000 19249293.4190153442 12444899.8907111902 27284049.2919914052 30439252.6910058819 20277023.2601301335 7684604.6010202579 17826934.1701164804 22976659.4815898277 12060794.3685926665 36081942.9430741668 19613478.7228128091 11647181.9343391657 26228762.9744394422 27454536.2792509384 25980486.0055538043 19999430.5324448086 22720256.3963654973 17394294.6005840525 29156411.7173671462 27341242.5846891329 25061830.3357125372 27164782.2512251623 26344671.3093512729 21071399.2041077241 22886568.3367857374 25468880.1593133919 6833806.9310344830 21610391.4264658317 28624083.5583278686 22212858.2525459789 16890591.0215264596 18745589.8399577513 13381243.0393012129 11508880.6139254756 19624259.1973454691 13295697.5606969651 27090350.9754534699 10780601.8000402842 19991943.0698348843 20367114.4049342237 7111399.6587198079 11557090.7895350754 19901851.9250307940 18330637.7491740733 25704972.8081204407 34527684.1839705259 23095427.7314648367 37137229.2606261298
Case #73: 3.3600000000 3.1942452830 3.4584848485 0.1600000000 0.1886792453 0.3486792453 7.8666666667 4.6737907376 0.0055555556 0.3886792453 1.6779292929 5.4000000000 0.5679245283 0.0400000000 3.1542452830 2.9750000000 0.4529292929 3.0000000000 4.6666666667 3.2000000000 0.2286792453 7.1333333333 4.4545454545 3.8750000000 1.2727272727 0.4079245283 2.6000000000 1.2250000000 0.1655555556 3.6529292929 0.2192452830 4.6337907376 0.8608538212 7.2727272727 0.6816085382 3.3250000000 6.0000000000 1.3850000000 0.6416085382 3.1655555556 0.1792452830 3.0055555556 5.4400000000 0.2929292929 0.4584848485
Case #74: 0.5632443335 0.2352941176 0.3223684211 0.9399194631 0.2408759124 0.4117647059 1.0357647059 0.6240000000 0.7520000000 0.1879194631 0.4000000000 0.9529411765
Case #75: 0.2523364486 5.0892376554 0.1121495327 11.8496835443 4.0132882883 0.5000000000 0.8080168776 3.7916666667 1.8609960961 1.2975709887 1.0759493671 12.4509493671 1.1028037383 0.2216216216 0.7850467290 0.3333333333 1.4092827004 11.3750000000 0.4746835443
Case #76: 5.4399696049 1.0400000000 3.2666666667 5.0113981763 0.9200000000 6.0399696049 5.2857142857 5.2971124620 0.1542553191 3.0666666667 2.2666666667 5.1428571429 2.2400000000 0.6800000000 3.0113981763 0.6875886525 4.2857142857 0.6000000000 1.3200000000 3.5714285714 4.8571428571 2.7333333333 2.9333333333 1.0800000000 2.8571428571 3.7142857143 0.8000000000 3.3333333333 3.8685410334 7.6799696049 7.5257142857 2.3333333333 5.8857142857 0.5333333333 0.8800000000 3.7256838906
Case #77: 2.6000000000
Case #78: 2.1818181818 4.5569800570 93.3333333333 4.5384615385 30.3333333333 5.3200404858 2.1066777616 14.1565789474 32.6666666667 14.7080419580 0.7500000000 14.7396209054 11.3076923077 13.9415954416 117.3333333333 23.3333333333 2.6837944664 2.0750988142 11.2492877493 5.1250000000 13.2307692308 3.0750988142 1.9565217391 2.3478260870 13.0000000000 13.9230769231 7.6250000000 0.7815789474 0.0315789474 14.2307692308 27.8717948718 87.0000000000 1.3478260870 1.7576489533 13.9580419580 14.2492877493 11.3262108262 2.6837944664 0.7272727273 24.3333333333 2.5652173913 13.9807692308 14.0123481781 0.0185185185 120.3939393939 14.1250000000 119.6666666667 5.1565789474 120.6666666667 111.3333333333 14.6730769231 33.3939393939 2.4664031621 100.0000000000 7.1538461538 13.9765604766 1.7391304348 13.2492877493 6.3333333333 1.3794050343 7.1723646724 33.6666666667 11.2307692308 110.3333333333 2.7500000000 15.6971723928 5.2884615385 7.6565789474 2.2173913043 1.9565217391 2.4849216806 2.7815789474
Case #79: 3.8000000000 9.0909090909 1.0000000000 14.4000000000 2.8000000000 0.1162790698 12.9391233766 13.0554024464 0.8000000000 9.8181818182 12.0909090909 4.1250000000 9.9391233766 4.2412790698 0.6517857143 1.6517857143 12.2071881607 0.8482142857 10.4699675325 1.8482142857
Case #80: 6621209.8064657431 380488163.5547526479 415123389.2624828219 10036262.5369401351 383779409.5578205585 12249888.4757610112 15178205.5578205697 378682527.5208715200 9249130.5963208172 406068295.8322401643 400120200.0037789941 11744734.3860310446 3122949.5190908341 405884481.0826703310 17509015.4649223536 404276352.0143058896 409415590.0085039735 8197518.8064657431 412706402.3598552942 16668337.5622948427 405043803.1800428033 11800782.5592269208 411914788.8520353436 17595192.4604480825 1524327.7695167286 4152248.5593718011 435975341.6826651096 410991899.0085039735 398370612.1430937648 3329963.8033978213 5487541.5690228213 35851238.2277309448 41780313.1892306954 405966693.0235741735 380281149.2704456449 400176248.1769748926 380432115.3815567493 41694136.1937049627 14044537.3203776479 15092028.5622948427 8115462.3588778945 16754514.5578205697 8286674.6762549179 411572734.1224123836 10081323.5208715536 408239565.8138120174 14959865.7132039331 411790220.9538824558 5901836.4200570183 399969233.8926678896 409373234.0512549281 11886959.5547526479 406081988.0481870174 439308509.9912654757 405874973.7638800144 411872432.8947862983 33223317.4378758669 5750870.3089459073 404318707.9715549350 10092310.7101360112 409208142.0724803805 411832576.9111315012 407609520.3229062557 11830911.3815567717 382645741.3203776479 386278608.4013519287 410381517.1892307401 11679945.2704456598 406025939.8749911189 11748329.4398521520 406124344.0054360628 3273915.6302019451 409415156.3567873836 15800543.6158314440 39985664.3446140587 385355718.5578205585 403467494.1800428033 414282711.3598552942 9885296.4258290231 13383556.7132039331 17677404.4013519064 430069601.8114529848 17591227.4058261774 9120408.6499970779 409359108.1835914850 13958360.3248519208 10825439.5963208172 15882755.5567352679 402333825.9425998926 436017697.6399141550 415205601.2033866644 410949543.0512549281 11666117.4989483282 408281921.7710610628 405917329.7211290598 9995146.5253458265 386196396.4604480863 11593768.2749199327 9038196.7090932541 5957884.5932528945
Case #81: 25000000000.0000000000 37000000000.0000000000 42000000000.0000000000 98000000000.0000000000 49000000000.0000000000 32000000000.0000000000 65000000000.0000000000 81000000000.0000000000 43000000000.0000000000 50000000000.0000000000 85000000000.0000000000 31000000000.0000000000 2000000000.0000000000 66000000000.0000000000 29000000000.0000000000 90000000000.0000000000 94000000000.0000000000 77000000000.0000000000 51000000000.0000000000 86000000000.0000000000 18000000000.0000000000 67000000000.0000000000 62000000000.0000000000 23000000000.0000000000 9000000000.0000000000 7000000000.0000000000 12000000000.0000000000 3000000000.0000000000 60000000000.0000000000 47000000000.0000000000 92000000000.0000000000 75000000000.0000000000 95000000000.0000000000 55000000000.0000000000 28000000000.0000000000 69000000000.0000000000 34000000000.0000000000 24000000000.0000000000 99000000000.0000000000 15000000000.0000000000 53000000000.0000000000 46000000000.0000000000 91000000000.0000000000 22000000000.0000000000 57000000000.0000000000 70000000000.0000000000 13000000000.0000000000 96000000000.0000000000 97000000000.0000000000 41000000000.0000000000 45000000000.0000000000 73000000000.0000000000 10000000000.0000000000 84000000000.0000000000 68000000000.0000000000 35000000000.0000000000 71000000000.0000000000 39000000000.0000000000 11000000000.0000000000 17000000000.0000000000 58000000000.0000000000 40000000000.0000000000 74000000000.0000000000 33000000000.0000000000 5000000000.0000000000 61000000000.0000000000 88000000000.0000000000 89000000000.0000000000 14000000000.0000000000 38000000000.0000000000 76000000000.0000000000 64000000000.0000000000 16000000000.0000000000 6000000000.0000000000 56000000000.0000000000 30000000000.0000000000 1000000000.0000000000 80000000000.0000000000 72000000000.0000000000 21000000000.0000000000 78000000000.0000000000 36000000000.0000000000 52000000000.0000000000 93000000000.0000000000 19000000000.0000000000 54000000000.0000000000 26000000000.0000000000 79000000000.0000000000 59000000000.0000000000 27000000000.0000000000 87000000000.0000000000 48000000000.0000000000 8000000000.0000000000 83000000000.0000000000 63000000000.0000000000 4000000000.0000000000 82000000000.0000000000 44000000000.0000000000 20000000000.0000000000
Case #82: 0.2500000000 0.3333333333
Case #83: 1.8894440468 2.0189083325 6.1483726183 11.5561107135 1.6086956522 13.4523809524 4.5625000000 1.2608695652 4.6875000000 12.5238095238 3.1923238255 4.8626583325 2.0048238255 0.1342281879 4.4921226183 2.3581940468 0.1751583325 0.0140845070 0.1610738255 1.7283702213 16.1186107135 2.0774456522 1.5501583325 0.6298238255 2.7860738255 10.7380952381 4.8485738255 1.8437500000 1.2997987928 1.7142857143 2.8358726183 6.4519440468 1.2857142857 1.4488671157 1.4347826087 6.0233726183 4.7376583325 2.8571428571 9.6666666667 0.3913043478 1.4608726183 6.5769440468 1.0434782609 2.6250000000 2.1250000000 2.1304347826 1.5360738255 3.3913043478 3.7857142857 0.4687500000 4.0858726183 0.6439083325 2.8001583325 1.0714285714 3.0312500000 11.3950368880 3.2064083325 1.9296226183 1.3750000000 2.1390845070 4.7235738255 11.3809523810 16.2436107135
Case #84: 1.4987593052 0.8461538462 1.4545454545 0.6363636364 0.4848484848 0.8064516129 1.4181818182 3.3076923077 0.8363636364 0.9575757576 3.0967741935 0.9277108434 0.3493975904 3.4438398756 0.6923076923 0.8000000000 2.5161290323 1.6526054591
Case #85: 1.1666666667 0.6933333333 2.9052757794 3.9285714286 2.3703703704 0.4460841424 2.5534239275 1.2386091127 1.1851851852 0.5163868905 2.7222222222 4.1089794831 4.7507936508 2.0370370370 4.3552380952 2.1089794831 0.2586091127 0.0719424460 2.2222222222 0.0835885987 0.7200000000 5.8888888889 3.1851851852 0.0194174757 2.8333333333 3.1851851852 2.5728414033 0.4266666667 0.2222222222 4.3703703704 4.5774603175 3.3333333333 0.5999754892 0.4444444444 0.6000000000 0.5358043662 0.5102552654 2.9052757794 2.7941646683 5.9608313349 0.0641711230 4.3746555710 4.5285714286 3.4074074074 0.1866666667 4.3312017053 1.0000000000 4.1507936508 4.3333333333 4.2592592593 0.4638619202 2.8333333333 2.4444444444 4.5968777932 2.0000000000 0.5280330432 4.0370370370
Case #86: 2.4782608696 6.3750000000 1.6750746764 3.8924659808 2.5011616329 3.0688405797 6.4886128364 3.9166666667 0.7519379845 5.2862318841 0.2857142857 1.4166666667 0.0229007634 3.7619047619 4.2712215321 3.8949275362 1.6521739130 2.6190476190 1.8095238095 3.8695652174 1.7916666667
Case #87: 1.5294117647 2.0248226950 2.5357142857 1.3581560284 4.2150455927 1.7269503546 1.0526315789 0.8936170213 1.1560283688 0.9736842105 3.0294117647 1.5000000000 2.5820433437 2.6071428571 2.5000000000 1.7624113475 1.1773049645 0.9290780142 0.8333333333 4.2505065856 2.5030959752 3.8462512665 2.0106382979 3.3214285714 0.1315789474 1.6609907121 0.5248226950
Case #88: 1.3333333333 1.2110091743 4.0000000000 0.6330275229 3.4705882353 0.3664596273 1.9663608563 5.0000000000 7.2727272727 2.5443425076 5.7272727273
Case #89: 4.1688172043 7.5050096339 10.0397849462 2.9354838710 4.7308160855 3.2258064516 0.6129032258 6.0000000000 7.2333333333 1.8462365591 4.4404935049 7.9090909091 4.5000000000 0.2716763006 10.3114612468 0.1176470588 2.1179128597 8.8064516129 47.5000000000 1.2333333333 55.4090909091 4.4591397849 1.5050096339
Case #90: 0.4732142857 4.1049329912 1.4732142857 4.5841045182 1.4761904762 7.3763242745 6.0769230769 5.2966793685 1.6964285714 2.8461538462 4.9014697877 5.5721284703 4.7755916738 1.0625000000 4.2727272727 0.6287425150 1.9732142857 3.4761904762 0.3113772455 1.0239520958 3.7875677217 1.2994011976 5.7218290691 2.3482142857 4.5001425720 6.3883003224 7.5260248733 0.6875000000 6.7056655919 7.1008751727 5.9074578116 1.6347305389 1.4491017964
Case #91: 5402254.2515547452 4677132.9565993780 4388372.4363973578 1707239.8387132189 1901990.7424726174 4426920.5722618159 926657.0631796883 4527999.4194840379 4882553.5215471461 4861467.6624074588 7353143.9655171977 3998928.7677938757 6404336.8113214457 22588345.5133204348 8833870.9123160206 731906.1594202898 1316496.4306039307 5151102.3494357290 23452154.2735810280 1944027.7477627306 8684826.0653537028 19227708.9873249866 20099414.4496858083 3814594.0619857945 6235616.8467844771 1899441.3727627306 20749492.2770992853 10523679.3015748523 9106998.8078031875 2773696.2048334377 5661442.7735521542 1027735.9104019105 9661140.4069612697 5001094.6454941388 20245079.6719080284 8382817.0306292735 6335773.2809341550 6126436.0287286583 9836036.7900162823 4816759.9396860581 11387488.0618354455 2838279.7203782294 9696409.8069296032 5252181.1966579510 2518201.8209950537 2045106.5949849528 2188201.8929647505 5754258.9839079669 3956832.5447255843 5262627.2684680652 3424754.6945615523 1798362.5255405083 22727972.4964071140 21725806.6187068522 5725276.4226680519 10560218.5671901964 4400088.3738544816 2549519.2001762092 832985.0066425120 1473939.7202264988 11897828.4859518707 261818.1318840580 7857556.5707084546 9617339.2319196127 8034748.2379402248 4681014.3218994970 3525833.5417837743 5191354.7460159222 2954666.6670253207 8243190.0475425944 1121745.5268445322 23962494.6976974532 6636776.4528450835 6968291.8718200065 5540941.7168599712 3022614.4261863106 10663306.2846615314 11070558.9913066216 6141022.3771747574 1500831.1364120115 19032958.0835655890 4687802.6177877486 7207478.7432949757 5762521.6207743762 2919361.4270556597 4287293.5891751358 5899924.2061301889 8180413.4601624468 1328274.4980042765 6051282.1409763964 3817205.5616389038 2372536.5987728317 7163042.7755794041 456569.0356434565 1978352.3254177556 7380651.1529290108 2448440.3529539872 3423774.0322469166 1306080.2326526130 2333867.1151869730
Case #92: 133.1055555556 0.2906976744 0.1055555556 41.2906976744 41.0000000000 0.3856209150 133.0000000000
Case #93: 1.7500000000 3.0555555556 12.5555555556 1.2304824561 14.9444444444 2.1125000000 9.7222222222 8.5555555556 8.6374269006 8.7485380117 0.9375000000 3.1666666667 8.8596491228 5.5000000000 2.9250000000 9.4444444444 15.1374269006 0.9125000000 0.1929824561 1.0555555556 1.7875000000 0.7222222222 0.0752688172 12.7485380117 5.6929824561 9.8888888889 8.6666666667 2.9444444444 10.0818713450 9.9152046784 0.0967741935 1.4500000000 7.0555555556 4.3888888889 8.4444444444 3.0000000000 1.0375000000 4.2222222222
Case #94: 1.2712121212 0.8380230880 0.2250000000 1.2581822203 1.0476949951 0.4415584416 0.0294117647 0.0375939850 2.1976949951 1.2000000000 0.8989898990 0.2824675325 2.2222222222 0.2370129870 0.5046897547 0.7545454545 0.1767676768 1.2847079821 0.0750000000 1.4875939850 0.5500000000 0.7267676768 0.0931495405 0.3431495405 0.4137806638 1.2777777778 1.6712121212 0.5882352941 1.1500000000 0.0375939850 0.3582251082 0.7601010101 0.5500000000 0.6712121212 0.0075187970 0.6111111111 1.0375939850 2.2875939850 0.2625939850 0.0779220779 1.6111111111 1.1991341991 0.0555555556 0.1590909091 0.7976949951 2.1500000000 1.7777777778 0.6388888889 1.1500000000 1.0081822203 0.1125939850 1.1212121212 1.6944444444 0.3181495405 2.6111111111 0.1991341991 1.5767676768 1.1256170730 0.5000000000 2.0489898990 0.9971139971 0.8756170730 0.6637806638 0.9264828739 0.2325187970 0.2546897547 0.0833333333 0.1212121212 0.2875939850 1.6666666667 0.3055555556 1.9101010101 1.0000000000 0.5875939850 0.9705882353 2.2500000000 1.3267676768 1.9476949951 0.6764828739 1.2375939850 0.4267676768 1.2941176471 0.7777777778 0.2500000000 2.2222222222 1.0347079821 1.4489898990 0.4750000000 0.2647058824 0.2045454545
Case #95: 11.0000000000 3.6449375867 22.5000000000 3.3750000000 4.6500000000 0.2142857143 4.0500000000 22.5000000000 0.0080645161 0.3216783217 7.5000000000 15.2142857143 15.3216783217 0.3592233010 19.2142857143 2.9500000000 8.6250000000 0.1580645161 2.4000000000 0.2097902098 4.3716783217 3.3830645161 3.5000000000 3.9500000000 0.1500000000 15.5359640360 8.8347902098 12.5000000000 11.2142857143 22.2857142857 8.9466783217 19.0000000000 5.8571428571 3.2857142857 6.7500000000 10.3750000000 10.8571428571 3.8592233010 15.0000000000 6.0714285714
Case #96: 5.6666666667 1.7857142857 2.6666666667 10.3333333333 1.2857142857 0.6643835616 0.5000000000
Case #97: 1.1704545455 0.6420454545 0.6549295775 3.1097744361 4.9714285714 0.6726190476 0.2159090909 7.0240601504 2.8285714286 0.1250000000 1.0571428571 2.0526315789 4.8812030075
Case #98: 5.7727272727 7.0000000000 23.7771084337 20.9090909091 3.5454545455 10.2500000000 6.3333333333 12.0454545455 26.7530343597 1.2215528782 20.8000000000 17.4771084337 6.7272727273 19.2771084337 27.2530343597 9.5000000000 8.7222222222 19.0000000000 21.0771084337 15.0771084337 4.5454545455 17.7500000000 26.9111111111 0.9444444444 23.4197010263 17.2000000000 9.7771084337 0.2771084337 23.0777777778 9.0454545455 14.9545454545 27.1882195448 8.3225629792 6.1111111111 6.9090909091 26.6882195448 23.8419232485 11.2272727273 12.5000000000 3.8225629792 14.8000000000 7.5000000000 17.2648148148 23.5000000000 15.5000000000 26.4111111111 11.4090909091 11.5000000000 1.2727272727 5.6111111111 4.5000000000 0.0648148148 0.3419232485 10.4545454545 19.3419232485 7.0000000000 2.2777777778 21.1419232485 23.3548862115 14.0000000000 8.0454545455 15.1419232485 21.0000000000
Case #99: 6.0526315789 0.3055555556 2.5229468599 4.0588235294 2.2222222222 2.6470588235 0.4625603865 4.4396135266 27.5000000000 2.4210526316 30.2949878176 5.5440642598 3.3218420376 3.6273975931 3.1352657005 30.6479289941 5.1764705882 5.9473684211 4.4736842105 30.1470588235 0.9130434783 2.2173913043 3.9411764706 3.7403381643 4.0866013072 29.2361642882 21.1479289941 31.7067525235 32.6764705882 5.6570048309 11.4625603865 31.5588235294 2.6570048309 4.6216132046 14.1739130435 2.6570048309 6.3581871345 11.4347826087 31.5588235294 6.0804093567 4.6135265700 0.4347826087 1.5882352941 29.0882352941 6.0526315789 4.3643790850 0.4444444444 13.2173913043 2.6968599034 21.0000000000 3.4794685990 11.9130434783 5.3243995823 14.3218420376 0.1479289941 5.3961352657 4.0588235294 4.7894736842 32.0123080791 31.8643790850 11.4347826087 0.0277777778 1.2185990338 0.4347826087 30.5000000000 13.3913043478 27.6479289941 3.1739130435 3.4347826087 11.0000000000 2.3913043478 31.7067525235
Case #100: 1.4615384615 24.1834485739 58.7219101124 22.7500000000 60.1834485739 9.8000000000 58.7500000000 11.0000000000 11.7334485739 6.8000000000 5.0666666667 3.8666666667 0.4719101124 47.0000000000 7.7333333333 4.5384615385 58.2500000000 1.4666666667 5.0103716508 22.2500000000 1.1578947368 27.2603716508 36.0000000000 10.2719101124 1.9334485739 22.7219101124 54.0000000000 1.4193548387
